rel_pix,1700A,1800A,1900A,2000A,2100A,2200A,2300A,2400A,2500A,2600A,2700A,2800A,2900A,3000A,3100A,3200A
-5.0000E+01 7.0750E-05 6.8300E-05 6.7070E-05 6.6350E-05 7.0250E-05 7.7480E-05 7.9120E-05 8.9160E-05 8.9400E-05 9.1850E-05 1.0143E-04 1.1353E-04 1.1429E-04 1.2707E-04 1.4582E-04 1.7179E-04
-4.9000E+01 7.1640E-05 6.8420E-05 6.7320E-05 7.0110E-05 7.4420E-05 7.5960E-05 8.5050E-05 8.9420E-05 9.0080E-05 1.0194E-04 1.0962E-04 1.1913E-04 1.2481E-04 1.4391E-04 1.6659E-04 1.9488E-04
-4.8000E+01 7.6810E-05 7.5490E-05 7.1270E-05 7.6220E-05 8.1260E-05 8.1800E-05 9.5890E-05 9.5890E-05 9.9950E-05 1.1298E-04 1.2669E-04 1.2859E-04 1.4620E-04 1.6716E-04 1.9891E-04 2.1294E-04
-4.7000E+01 8.0330E-05 7.8990E-05 8.0440E-05 8.5250E-05 8.6820E-05 9.5770E-05 1.0140E-04 1.0240E-04 1.1713E-04 1.2742E-04 1.3581E-04 1.4589E-04 1.6720E-04 1.9925E-04 2.2318E-04 2.3238E-04
-4.6000E+01 8.7310E-05 8.2970E-05 8.8280E-05 9.3640E-05 9.3480E-05 1.0907E-04 1.0947E-04 1.1591E-04 1.2976E-04 1.4564E-04 1.4796E-04 1.7039E-04 1.9844E-04 2.3224E-04 2.4061E-04 2.5080E-04
-4.5000E+01 9.4230E-05 9.1310E-05 9.8290E-05 1.0113E-04 1.0911E-04 1.1625E-04 1.1780E-04 1.3538E-04 1.4842E-04 1.5549E-04 1.7118E-04 1.9752E-04 2.3714E-04 2.5389E-04 2.6855E-04 2.4191E-04
-4.4000E+01 9.8730E-05 1.0339E-04 1.0875E-04 1.0859E-04 1.2532E-04 1.2616E-04 1.3470E-04 1.5015E-04 1.6676E-04 1.7195E-04 1.9875E-04 2.3753E-04 2.6822E-04 2.7831E-04 2.6636E-04 2.3879E-04
-4.3000E+01 1.0563E-04 1.1416E-04 1.1909E-04 1.2590E-04 1.3428E-04 1.3671E-04 1.5708E-04 1.7333E-04 1.7857E-04 2.0133E-04 2.3632E-04 2.8030E-04 2.9005E-04 2.9458E-04 2.5828E-04 2.7460E-04
-4.2000E+01 1.2112E-04 1.2752E-04 1.2764E-04 1.4564E-04 1.4667E-04 1.5787E-04 1.7569E-04 1.9166E-04 2.0254E-04 2.3508E-04 2.8551E-04 3.0750E-04 3.2060E-04 2.8345E-04 2.7921E-04 3.2160E-04
-4.1000E+01 1.3503E-04 1.4105E-04 1.4704E-04 1.5733E-04 1.6049E-04 1.8322E-04 2.0337E-04 2.0796E-04 2.3861E-04 2.8565E-04 3.2700E-04 3.3770E-04 3.1380E-04 2.8925E-04 3.3410E-04 3.4050E-04
-4.0000E+01 1.5098E-04 1.5195E-04 1.7089E-04 1.7238E-04 1.8685E-04 2.0728E-04 2.2243E-04 2.4196E-04 2.8477E-04 3.4260E-04 3.5410E-04 3.5010E-04 3.0900E-04 3.4450E-04 3.6710E-04 3.4990E-04
-3.9000E+01 1.6870E-04 1.7361E-04 1.8562E-04 1.9000E-04 2.1654E-04 2.3960E-04 2.4672E-04 2.8558E-04 3.4910E-04 3.7850E-04 3.8610E-04 3.3840E-04 3.5340E-04 3.9240E-04 3.7390E-04 3.9110E-04
-3.8000E+01 1.8362E-04 2.0302E-04 2.0490E-04 2.2321E-04 2.4849E-04 2.6105E-04 2.9123E-04 3.4930E-04 4.0540E-04 4.1370E-04 3.7660E-04 3.6440E-04 4.1640E-04 4.0380E-04 4.1270E-04 4.1960E-04
-3.7000E+01 2.0785E-04 2.2256E-04 2.2854E-04 2.5877E-04 2.8423E-04 2.9729E-04 3.4880E-04 4.2610E-04 4.3940E-04 4.2210E-04 3.8310E-04 4.3790E-04 4.3910E-04 4.3770E-04 4.4890E-04 4.3930E-04
-3.6000E+01 2.4340E-04 2.4685E-04 2.6988E-04 3.0037E-04 3.1119E-04 3.5290E-04 4.3450E-04 4.7420E-04 4.7160E-04 4.1420E-04 4.5550E-04 4.7900E-04 4.6530E-04 4.8340E-04 4.7160E-04 4.2700E-04
-3.5000E+01 2.6820E-04 2.7757E-04 3.1278E-04 3.3880E-04 3.6270E-04 4.3470E-04 5.1260E-04 5.1500E-04 4.6090E-04 4.7130E-04 5.1900E-04 4.9920E-04 5.1900E-04 5.1040E-04 4.6140E-04 4.4950E-04
-3.4000E+01 2.9862E-04 3.2810E-04 3.6510E-04 3.7690E-04 4.3700E-04 5.3970E-04 5.5560E-04 5.1940E-04 4.9200E-04 5.5880E-04 5.3930E-04 5.5700E-04 5.5080E-04 5.0160E-04 4.8030E-04 4.8660E-04
-3.3000E+01 3.3930E-04 3.8190E-04 4.0690E-04 4.4620E-04 5.5140E-04 6.0500E-04 5.8670E-04 5.2560E-04 5.9240E-04 5.9090E-04 5.9850E-04 5.9590E-04 5.4770E-04 5.1430E-04 5.2170E-04 5.4680E-04
-3.2000E+01 4.0270E-04 4.4580E-04 4.6310E-04 5.5250E-04 6.5940E-04 6.5160E-04 5.7850E-04 6.2260E-04 6.4860E-04 6.4490E-04 6.4800E-04 5.9970E-04 5.5270E-04 5.6080E-04 5.8690E-04 5.9780E-04
-3.1000E+01 4.7240E-04 4.9570E-04 5.5870E-04 6.9770E-04 7.1380E-04 6.5350E-04 6.5230E-04 7.1120E-04 6.9620E-04 7.0570E-04 6.5910E-04 5.9950E-04 6.0300E-04 6.3180E-04 6.4360E-04 6.7480E-04
-3.0000E+01 5.4850E-04 5.7810E-04 7.1260E-04 7.8860E-04 7.4460E-04 6.9250E-04 7.7330E-04 7.5650E-04 7.6890E-04 7.2460E-04 6.5170E-04 6.5390E-04 6.7930E-04 6.9650E-04 7.2740E-04 6.9050E-04
-2.9000E+01 6.1580E-04 7.1870E-04 8.6860E-04 8.4050E-04 7.5470E-04 8.3270E-04 8.2960E-04 8.3950E-04 7.9750E-04 7.1150E-04 7.0940E-04 7.3370E-04 7.5310E-04 7.8730E-04 7.4270E-04 6.8760E-04
-2.8000E+01 7.3700E-04 9.2480E-04 9.3990E-04 8.4790E-04 8.8840E-04 9.1760E-04 9.1840E-04 8.8010E-04 7.8200E-04 7.7090E-04 7.9480E-04 8.1640E-04 8.5140E-04 7.9960E-04 7.3660E-04 7.2920E-04
-2.7000E+01 9.4920E-04 1.0557E-03 9.7220E-04 9.4810E-04 1.0176E-03 1.0072E-03 9.7420E-04 8.6380E-04 8.4280E-04 8.6400E-04 8.8780E-04 9.2260E-04 8.6080E-04 7.9240E-04 8.0340E-04 9.0110E-04
-2.6000E+01 1.1765E-03 1.1138E-03 1.0278E-03 1.1240E-03 1.1095E-03 1.0804E-03 9.6000E-04 9.2440E-04 9.4400E-04 9.7020E-04 1.0031E-03 9.2980E-04 8.5590E-04 8.9280E-04 9.8840E-04 9.9680E-04
-2.5000E+01 1.2694E-03 1.1458E-03 1.2317E-03 1.2312E-03 1.2030E-03 1.0714E-03 1.0177E-03 1.0359E-03 1.0644E-03 1.0950E-03 1.0082E-03 9.3270E-04 9.9780E-04 1.0868E-03 1.0854E-03 1.0509E-03
-2.4000E+01 1.3119E-03 1.3404E-03 1.3777E-03 1.3443E-03 1.2039E-03 1.1254E-03 1.1409E-03 1.1731E-03 1.1995E-03 1.0969E-03 1.0266E-03 1.1206E-03 1.1959E-03 1.1870E-03 1.1233E-03 1.0152E-03
-2.3000E+01 1.4626E-03 1.5500E-03 1.5086E-03 1.3597E-03 1.2522E-03 1.2641E-03 1.2976E-03 1.3198E-03 1.1986E-03 1.1411E-03 1.2608E-03 1.3196E-03 1.2963E-03 1.1996E-03 1.0885E-03 1.0609E-03
-2.2000E+01 1.7416E-03 1.7011E-03 1.5432E-03 1.4014E-03 1.4069E-03 1.4434E-03 1.4563E-03 1.3166E-03 1.2805E-03 1.4211E-03 1.4597E-03 1.4120E-03 1.2825E-03 1.1840E-03 1.1697E-03 1.1535E-03
-2.1000E+01 1.9280E-03 1.7582E-03 1.5805E-03 1.5745E-03 1.6123E-03 1.6138E-03 1.4526E-03 1.4513E-03 1.6027E-03 1.6212E-03 1.5340E-03 1.3787E-03 1.3049E-03 1.2911E-03 1.2367E-03 1.1316E-03
-2.0000E+01 2.0125E-03 1.7954E-03 1.7733E-03 1.8100E-03 1.7953E-03 1.6147E-03 1.6563E-03 1.8105E-03 1.7995E-03 1.6619E-03 1.5015E-03 1.4496E-03 1.4176E-03 1.3146E-03 1.2188E-03 1.2191E-03
-1.9000E+01 2.0548E-03 2.0107E-03 2.0455E-03 2.0068E-03 1.8124E-03 1.9027E-03 2.0466E-03 1.9925E-03 1.8010E-03 1.6540E-03 1.6142E-03 1.5371E-03 1.4083E-03 1.3572E-03 1.3884E-03 1.3716E-03
-1.8000E+01 2.2956E-03 2.3264E-03 2.2572E-03 2.0566E-03 2.2004E-03 2.3163E-03 2.1978E-03 1.9658E-03 1.8444E-03 1.7865E-03 1.6556E-03 1.5458E-03 1.5519E-03 1.5535E-03 1.4744E-03 1.3943E-03
-1.7000E+01 2.6648E-03 2.5553E-03 2.3644E-03 2.5570E-03 2.6245E-03 2.4193E-03 2.1725E-03 2.0717E-03 1.9590E-03 1.8009E-03 1.7523E-03 1.7644E-03 1.6981E-03 1.5982E-03 1.5619E-03 1.5894E-03
-1.6000E+01 2.9187E-03 2.7542E-03 2.9823E-03 2.9698E-03 2.6738E-03 2.4377E-03 2.3226E-03 2.1455E-03 2.0170E-03 2.0114E-03 1.9639E-03 1.8506E-03 1.7897E-03 1.8184E-03 1.9351E-03 2.0602E-03
-1.5000E+01 3.2510E-03 3.4870E-03 3.3530E-03 2.9845E-03 2.7679E-03 2.5913E-03 2.3874E-03 2.3196E-03 2.2836E-03 2.1658E-03 2.0760E-03 2.0978E-03 2.2270E-03 2.3582E-03 2.3394E-03 2.1932E-03
-1.4000E+01 4.0840E-03 3.7880E-03 3.3800E-03 3.1530E-03 2.9027E-03 2.7322E-03 2.6791E-03 2.5606E-03 2.4387E-03 2.4480E-03 2.5899E-03 2.7272E-03 2.6929E-03 2.5142E-03 2.3080E-03 2.1032E-03
-1.3000E+01 4.3030E-03 3.8850E-03 3.5960E-03 3.3110E-03 3.1810E-03 3.0623E-03 2.9113E-03 2.8964E-03 3.0479E-03 3.1922E-03 3.1370E-03 2.9151E-03 2.6558E-03 2.4130E-03 2.2466E-03 2.2096E-03
-1.2000E+01 4.5140E-03 4.1390E-03 3.8650E-03 3.7030E-03 3.5260E-03 3.4820E-03 3.6400E-03 3.7900E-03 3.7040E-03 3.4200E-03 3.0950E-03 2.8163E-03 2.6641E-03 2.6517E-03 2.6914E-03 2.6765E-03
-1.1000E+01 4.8460E-03 4.5620E-03 4.3450E-03 4.2620E-03 4.4200E-03 4.5730E-03 4.4400E-03 4.0720E-03 3.6670E-03 3.3620E-03 3.2240E-03 3.2108E-03 3.1910E-03 3.0840E-03 2.9128E-03 2.7237E-03
-1.0000E+01 5.4590E-03 5.3290E-03 5.4760E-03 5.6190E-03 5.4190E-03 4.9390E-03 4.4410E-03 4.1060E-03 3.9650E-03 3.9030E-03 3.7750E-03 3.5620E-03 3.3230E-03 3.1120E-03 2.9703E-03 2.9132E-03
-9.0000E+00 6.9430E-03 7.0600E-03 6.7560E-03 6.1200E-03 5.5140E-03 5.1340E-03 4.9400E-03 4.7560E-03 4.4900E-03 4.1840E-03 3.9170E-03 3.7490E-03 3.6990E-03 3.7630E-03 3.8970E-03 4.0230E-03
-8.0000E+00 8.6280E-03 7.7920E-03 7.0420E-03 6.5640E-03 6.2280E-03 5.8630E-03 5.4600E-03 5.1170E-03 4.9130E-03 4.8700E-03 4.9490E-03 5.0760E-03 5.1720E-03 5.1950E-03 5.1570E-03 5.0930E-03
-7.0000E+00 9.2810E-03 8.6080E-03 8.0480E-03 7.5050E-03 7.0510E-03 6.7910E-03 6.7360E-03 6.8140E-03 6.9200E-03 6.9760E-03 6.9620E-03 6.9100E-03 6.8530E-03 6.8060E-03 6.7570E-03 6.6840E-03
-6.0000E+00 1.1108E-02 1.0487E-02 1.0126E-02 1.0021E-02 1.0064E-02 1.0130E-02 1.0139E-02 1.0079E-02 9.9730E-03 9.8390E-03 9.6700E-03 9.4560E-03 9.2060E-03 8.9430E-03 8.6990E-03 8.4970E-03
-5.0000E+00 1.6357E-02 1.6342E-02 1.6319E-02 1.6191E-02 1.5937E-02 1.5576E-02 1.5133E-02 1.4631E-02 1.4113E-02 1.3622E-02 1.3190E-02 1.2827E-02 1.2532E-02 1.2284E-02 1.2055E-02 1.1818E-02
-4.0000E+00 2.5455E-02 2.4547E-02 2.3494E-02 2.2388E-02 2.1310E-02 2.0319E-02 1.9443E-02 1.8672E-02 1.7989E-02 1.7367E-02 1.6784E-02 1.6233E-02 1.5716E-02 1.5246E-02 1.4838E-02 1.4508E-02
-3.0000E+00 3.4120E-02 3.2233E-02 3.0632E-02 2.9301E-02 2.8217E-02 2.7368E-02 2.6713E-02 2.6257E-02 2.5985E-02 2.5899E-02 2.5991E-02 2.6239E-02 2.6633E-02 2.7143E-02 2.7766E-02 2.8482E-02
-2.0000E+00 6.0070E-02 5.9970E-02 6.0210E-02 6.0690E-02 6.1390E-02 6.2230E-02 6.3210E-02 6.4250E-02 6.5330E-02 6.6440E-02 6.7530E-02 6.8600E-02 6.9640E-02 7.0620E-02 7.1540E-02 7.2400E-02
-1.0000E+00 1.7364E-01 1.7778E-01 1.8140E-01 1.8456E-01 1.8729E-01 1.8964E-01 1.9164E-01 1.9335E-01 1.9478E-01 1.9597E-01 1.9695E-01 1.9774E-01 1.9839E-01 1.9890E-01 1.9931E-01 1.9964E-01
0.0000E+00 2.6852E-01 2.7566E-01 2.8166E-01 2.8668E-01 2.9071E-01 2.9414E-01 2.9688E-01 2.9898E-01 3.0064E-01 3.0169E-01 3.0253E-01 3.0289E-01 3.0299E-01 3.0282E-01 3.0250E-01 3.0183E-01
1.0000E+00 1.2934E-01 1.3123E-01 1.3309E-01 1.3490E-01 1.3658E-01 1.3813E-01 1.3955E-01 1.4082E-01 1.4193E-01 1.4290E-01 1.4371E-01 1.4440E-01 1.4496E-01 1.4543E-01 1.4581E-01 1.4612E-01
2.0000E+00 5.0240E-02 4.8880E-02 4.7920E-02 4.7290E-02 4.6970E-02 4.6930E-02 4.7140E-02 4.7580E-02 4.8220E-02 4.9000E-02 4.9920E-02 5.0930E-02 5.2030E-02 5.3160E-02 5.4300E-02 5.5460E-02
3.0000E+00 3.2660E-02 3.0693E-02 2.8944E-02 2.7460E-02 2.6245E-02 2.5249E-02 2.4425E-02 2.3727E-02 2.3135E-02 2.2639E-02 2.2242E-02 2.1954E-02 2.1782E-02 2.1729E-02 2.1796E-02 2.1977E-02
4.0000E+00 2.3690E-02 2.3215E-02 2.2495E-02 2.1573E-02 2.0526E-02 1.9446E-02 1.8422E-02 1.7513E-02 1.6757E-02 1.6148E-02 1.5660E-02 1.5252E-02 1.4893E-02 1.4557E-02 1.4233E-02 1.3917E-02
5.0000E+00 1.4903E-02 1.4880E-02 1.5009E-02 1.5149E-02 1.5193E-02 1.5097E-02 1.4861E-02 1.4493E-02 1.4011E-02 1.3452E-02 1.2861E-02 1.2287E-02 1.1778E-02 1.1353E-02 1.1016E-02 1.0753E-02
6.0000E+00 1.0233E-02 9.7170E-03 9.3500E-03 9.1730E-03 9.1820E-03 9.3320E-03 9.5320E-03 9.6990E-03 9.7900E-03 9.8020E-03 9.7520E-03 9.6360E-03 9.4520E-03 9.1990E-03 8.8930E-03 8.5610E-03
7.0000E+00 8.1060E-03 7.6600E-03 7.2610E-03 6.8740E-03 6.5590E-03 6.3380E-03 6.2140E-03 6.2070E-03 6.3170E-03 6.5040E-03 6.6970E-03 6.8400E-03 6.9150E-03 6.9430E-03 6.9490E-03 6.9320E-03
8.0000E+00 7.3580E-03 6.6150E-03 6.1060E-03 5.7990E-03 5.5310E-03 5.2510E-03 5.0020E-03 4.8220E-03 4.6910E-03 4.5930E-03 4.5520E-03 4.6020E-03 4.7450E-03 4.9230E-03 5.0790E-03 5.1730E-03
9.0000E+00 6.3450E-03 6.1520E-03 5.6900E-03 5.1540E-03 4.7650E-03 4.5470E-03 4.3850E-03 4.1950E-03 3.9960E-03 3.8430E-03 3.7490E-03 3.6780E-03 3.6000E-03 3.5350E-03 3.5330E-03 3.6160E-03
1.0000E+01 4.7290E-03 4.9010E-03 4.9610E-03 4.8170E-03 4.5120E-03 4.1230E-03 3.8200E-03 3.6540E-03 3.5590E-03 3.4560E-03 3.3100E-03 3.1620E-03 3.0693E-03 3.0320E-03 2.9947E-03 2.9288E-03
1.1000E+01 4.0730E-03 3.8030E-03 3.8270E-03 3.9610E-03 3.9510E-03 3.8550E-03 3.6610E-03 3.3740E-03 3.1320E-03 2.9944E-03 2.9281E-03 2.8857E-03 2.8036E-03 2.6833E-03 2.5767E-03 2.5296E-03
1.2000E+01 3.8970E-03 3.4930E-03 3.2160E-03 3.0815E-03 3.1716E-03 3.2440E-03 3.2030E-03 3.1476E-03 3.0277E-03 2.8145E-03 2.6209E-03 2.5029E-03 2.4393E-03 2.4197E-03 2.3985E-03 2.3296E-03
1.3000E+01 3.9040E-03 3.4230E-03 3.0286E-03 2.7924E-03 2.5997E-03 2.5714E-03 2.6746E-03 2.6898E-03 2.6365E-03 2.6162E-03 2.5459E-03 2.3855E-03 2.2315E-03 2.1300E-03 2.0648E-03 2.0438E-03
1.4000E+01 3.4120E-03 3.3950E-03 3.0460E-03 2.6627E-03 2.4448E-03 2.2764E-03 2.1555E-03 2.1966E-03 2.2790E-03 2.2534E-03 2.2026E-03 2.2089E-03 2.1733E-03 2.0491E-03 1.9229E-03 1.8403E-03
1.5000E+01 3.3020E-03 2.9061E-03 2.9451E-03 2.7318E-03 2.3784E-03 2.1522E-03 2.0242E-03 1.8841E-03 1.8349E-03 1.9060E-03 1.9586E-03 1.9081E-03 1.8637E-03 1.8880E-03 1.8773E-03 1.7792E-03
1.6000E+01 3.0681E-03 2.8935E-03 2.5042E-03 2.5454E-03 2.4584E-03 2.1529E-03 1.9149E-03 1.8022E-03 1.6918E-03 1.5901E-03 1.5970E-03 1.6746E-03 1.6955E-03 1.6282E-03 1.5923E-03 1.6312E-03
1.7000E+01 2.3377E-03 2.6625E-03 2.5530E-03 2.1828E-03 2.1966E-03 2.2109E-03 1.9644E-03 1.7292E-03 1.6038E-03 1.5336E-03 1.4288E-03 1.3746E-03 1.4146E-03 1.4810E-03 1.4723E-03 1.4019E-03
1.8000E+01 2.0968E-03 2.0357E-03 2.3253E-03 2.2669E-03 1.9233E-03 1.8999E-03 1.9793E-03 1.8040E-03 1.5842E-03 1.4352E-03 1.3864E-03 1.3093E-03 1.2255E-03 1.2111E-03 1.2668E-03 1.3143E-03
1.9000E+01 1.8938E-03 1.8459E-03 1.7856E-03 2.0422E-03 2.0213E-03 1.7142E-03 1.6534E-03 1.7610E-03 1.6629E-03 1.4641E-03 1.3019E-03 1.2451E-03 1.2065E-03 1.1210E-03 1.0686E-03 1.0855E-03
2.0000E+01 1.5315E-03 1.6979E-03 1.6326E-03 1.5762E-03 1.8023E-03 1.8120E-03 1.5400E-03 1.4504E-03 1.5570E-03 1.5338E-03 1.3589E-03 1.2035E-03 1.1180E-03 1.1039E-03 1.0412E-03 9.6930E-04
2.1000E+01 1.3366E-03 1.4202E-03 1.5218E-03 1.4510E-03 1.3991E-03 1.5986E-03 1.6297E-03 1.3918E-03 1.2867E-03 1.3725E-03 1.4088E-03 1.2676E-03 1.1276E-03 1.0142E-03 9.9770E-04 9.6840E-04
2.2000E+01 1.3334E-03 1.1875E-03 1.3201E-03 1.3663E-03 1.2948E-03 1.2485E-03 1.4236E-03 1.4702E-03 1.2668E-03 1.1512E-03 1.2105E-03 1.2873E-03 1.1880E-03 1.0597E-03 9.3790E-04 8.9350E-04
2.3000E+01 1.4021E-03 1.1793E-03 1.0734E-03 1.2241E-03 1.2310E-03 1.1615E-03 1.1183E-03 1.2726E-03 1.3311E-03 1.1579E-03 1.0385E-03 1.0748E-03 1.1654E-03 1.1167E-03 9.9380E-04 8.8230E-04
2.4000E+01 1.4096E-03 1.1899E-03 1.0516E-03 9.8770E-04 1.1311E-03 1.1141E-03 1.0433E-03 1.0053E-03 1.1434E-03 1.2100E-03 1.0619E-03 9.4350E-04 9.6200E-04 1.0473E-03 1.0474E-03 9.3280E-04
2.5000E+01 1.1563E-03 1.2665E-03 1.0338E-03 9.3890E-04 9.2190E-04 1.0404E-03 1.0098E-03 9.4070E-04 9.1010E-04 1.0321E-03 1.1026E-03 9.7820E-04 8.6390E-04 8.6790E-04 9.3640E-04 9.7660E-04
2.6000E+01 1.0195E-03 1.1117E-03 1.0991E-03 9.2270E-04 8.3880E-04 8.6940E-04 9.5310E-04 9.1820E-04 8.5100E-04 8.2790E-04 9.3560E-04 1.0097E-03 9.0430E-04 7.9600E-04 7.8750E-04 8.3890E-04
2.7000E+01 8.9970E-04 9.2890E-04 1.0651E-03 9.4460E-04 8.3410E-04 7.5730E-04 8.2510E-04 8.6930E-04 8.3720E-04 7.7470E-04 7.5740E-04 8.5220E-04 9.2770E-04 8.3840E-04 7.3660E-04 7.1840E-04
2.8000E+01 7.4230E-04 8.3680E-04 8.6840E-04 9.8190E-04 8.2180E-04 7.5800E-04 6.9330E-04 7.8080E-04 7.9300E-04 7.6860E-04 7.0840E-04 6.9560E-04 7.7890E-04 8.5500E-04 7.7870E-04 6.8440E-04
2.9000E+01 6.1950E-04 7.2630E-04 7.7590E-04 8.4070E-04 8.7190E-04 7.3140E-04 6.8940E-04 6.4180E-04 7.3920E-04 7.2700E-04 7.0780E-04 6.4950E-04 6.4060E-04 7.1430E-04 7.9040E-04 7.2290E-04
3.0000E+01 5.5900E-04 5.8320E-04 6.8670E-04 7.1460E-04 8.1820E-04 7.6190E-04 6.6640E-04 6.2670E-04 6.0400E-04 6.9760E-04 6.6850E-04 6.5270E-04 5.9600E-04 5.9140E-04 6.5730E-04 7.3030E-04
3.1000E+01 4.8080E-04 5.1150E-04 5.8450E-04 6.4720E-04 6.7160E-04 7.7230E-04 6.6910E-04 6.1430E-04 5.7020E-04 5.7290E-04 6.5500E-04 6.1660E-04 6.0070E-04 5.4870E-04 5.4820E-04 6.0420E-04
3.2000E+01 4.5250E-04 4.5500E-04 4.6790E-04 5.6860E-04 6.0840E-04 6.5220E-04 7.0020E-04 5.9520E-04 5.6630E-04 5.2140E-04 5.4770E-04 6.1070E-04 5.7050E-04 5.5550E-04 5.0700E-04 5.0710E-04
3.3000E+01 4.0950E-04 3.9690E-04 4.2760E-04 4.6650E-04 5.3750E-04 5.6350E-04 6.3900E-04 6.2250E-04 5.4060E-04 5.2080E-04 4.8160E-04 5.2520E-04 5.6760E-04 5.3080E-04 5.1510E-04 4.6760E-04
3.4000E+01 3.5040E-04 3.7910E-04 3.7350E-04 3.8620E-04 4.6950E-04 5.1170E-04 5.2970E-04 6.1310E-04 5.5280E-04 4.9910E-04 4.8040E-04 4.5040E-04 5.0470E-04 5.2580E-04 4.9490E-04 4.7710E-04
3.5000E+01 3.2340E-04 3.4310E-04 3.3220E-04 3.5860E-04 3.7210E-04 4.5020E-04 4.8430E-04 5.1260E-04 5.6680E-04 4.9430E-04 4.6580E-04 4.4430E-04 4.2580E-04 4.8610E-04 4.8550E-04 4.6200E-04
3.6000E+01 3.0900E-04 2.9412E-04 3.2050E-04 3.0899E-04 3.2720E-04 3.8210E-04 4.2690E-04 4.5110E-04 5.0510E-04 5.1180E-04 4.4650E-04 4.3490E-04 4.1030E-04 4.0730E-04 4.6590E-04 4.4770E-04
3.7000E+01 2.8464E-04 2.7122E-04 2.9014E-04 2.8233E-04 3.0224E-04 3.0417E-04 3.8080E-04 4.1350E-04 4.2740E-04 4.9360E-04 4.6000E-04 4.1150E-04 4.0540E-04 3.8060E-04 3.9010E-04 4.4570E-04
3.8000E+01 2.4264E-04 2.5966E-04 2.4830E-04 2.7379E-04 2.5938E-04 2.8248E-04 3.0948E-04 3.6290E-04 3.9670E-04 4.1380E-04 4.6650E-04 4.1640E-04 3.8610E-04 3.7880E-04 3.5420E-04 3.7540E-04
3.9000E+01 2.1204E-04 2.4169E-04 2.2829E-04 2.4669E-04 2.4254E-04 2.5543E-04 2.5691E-04 3.1957E-04 3.4930E-04 3.7140E-04 4.0800E-04 4.2710E-04 3.7700E-04 3.6590E-04 3.5340E-04 3.3350E-04
4.0000E+01 1.7894E-04 2.0959E-04 2.1966E-04 2.1091E-04 2.3429E-04 2.1915E-04 2.4413E-04 2.5156E-04 3.1410E-04 3.4270E-04 3.5210E-04 4.0320E-04 3.8760E-04 3.4680E-04 3.4480E-04 3.3040E-04
4.1000E+01 1.6496E-04 1.8305E-04 2.0646E-04 1.9386E-04 2.1080E-04 2.0890E-04 2.1499E-04 2.2188E-04 2.6356E-04 2.9715E-04 3.2920E-04 3.4050E-04 3.8850E-04 3.5500E-04 3.2490E-04 3.2320E-04
4.2000E+01 1.5376E-04 1.5870E-04 1.8307E-04 1.8806E-04 1.8072E-04 2.0198E-04 1.8657E-04 2.0991E-04 2.0800E-04 2.6821E-04 2.9008E-04 3.1040E-04 3.3500E-04 3.6180E-04 3.2540E-04 3.0950E-04
4.3000E+01 1.4001E-04 1.3878E-04 1.5842E-04 1.7770E-04 1.6614E-04 1.8234E-04 1.8134E-04 1.8226E-04 1.9429E-04 2.1479E-04 2.6089E-04 2.8938E-04 2.9564E-04 3.3310E-04 3.3080E-04 2.9913E-04
4.4000E+01 1.2832E-04 1.3317E-04 1.4171E-04 1.6140E-04 1.6224E-04 1.5679E-04 1.7586E-04 1.6235E-04 1.8136E-04 1.7879E-04 2.2767E-04 2.4891E-04 2.7846E-04 2.8540E-04 3.2600E-04 3.0540E-04
4.5000E+01 1.1791E-04 1.2053E-04 1.1989E-04 1.3899E-04 1.5371E-04 1.4376E-04 1.5931E-04 1.6049E-04 1.5770E-04 1.7322E-04 1.7871E-04 2.2917E-04 2.4678E-04 2.6317E-04 2.7907E-04 3.0910E-04
4.6000E+01 1.1341E-04 1.1151E-04 1.1469E-04 1.2623E-04 1.4243E-04 1.4110E-04 1.3732E-04 1.5508E-04 1.4334E-04 1.5803E-04 1.5913E-04 1.8970E-04 2.1907E-04 2.4708E-04 2.5129E-04 2.7662E-04
4.7000E+01 1.0965E-04 1.0256E-04 1.0547E-04 1.0762E-04 1.2346E-04 1.3401E-04 1.2550E-04 1.4017E-04 1.4222E-04 1.3707E-04 1.5388E-04 1.5095E-04 1.9743E-04 2.1023E-04 2.3778E-04 2.4141E-04
4.8000E+01 1.0096E-04 9.5380E-05 9.6920E-05 9.8060E-05 1.1165E-04 1.2595E-04 1.2350E-04 1.2081E-04 1.3615E-04 1.2559E-04 1.3734E-04 1.4201E-04 1.5664E-04 1.9438E-04 2.1109E-04 2.2486E-04
4.9000E+01 9.4390E-05 9.3000E-05 8.9220E-05 9.2660E-05 9.7720E-05 1.0975E-04 1.1645E-04 1.0940E-04 1.2200E-04 1.2399E-04 1.1890E-04 1.3395E-04 1.2972E-04 1.6684E-04 1.8162E-04 2.1145E-04
5.0000E+01 8.1100E-05 8.4280E-05 7.8780E-05 7.7560E-05 7.7750E-05 9.1850E-05 1.0118E-04 1.0166E-04 1.0294E-04 1.0966E-04 1.0688E-04 1.1718E-04 1.2143E-04 1.3166E-04 1.6264E-04 1.7654E-04
