lambda ion Z num_e gl gu fosc P
228.301 "V V" 23 19 4 2 0.67 6.2
228.628 CaVI 20 15 4 6 0.1 7.7
228.825 "O III" 8 6 1 3 0.00479 8.97
228.852 NeIII 10 8 5 3 0.000802 7.35
228.876 NeIII 10 8 5 5 0.012 8.53
228.909 TiV 22 18 1 3 0.097 6.28
228.916 NeIII 10 8 5 7 0.0674 9.28
229.431 HeII 2 1 2 6 0.000921 10.31
229.734 CaVI 20 15 4 4 0.0665 7.52
229.736 HeII 2 1 2 6 0.0012 10.43
229.869 NaIII 11 9 4 2 0.0125 6.77
229.99 FeX 26 17 4 2 0.00083 6.79
230.089 FeX 26 17 4 4 0.000202 6.18
230.105 "F III" 9 7 4 2 0.0262 5.26
230.113 "F III" 9 7 4 4 0.0524 5.56
230.117 "F III" 9 7 4 6 0.0785 5.74
230.139 HeII 2 1 2 6 0.0016 10.56
230.495 CaVI 20 15 4 2 0.0331 7.22
230.686 HeII 2 1 2 6 0.00222 10.7
230.765 "N III" 7 5 2 4 0.000453 7.07
230.789 "N III" 7 5 2 2 0.000906 7.37
231.4 "P XI" 15 5 2 4 0.0512 6.64
231.454 HeII 2 1 2 6 0.00319 10.86
231.52 FeX 26 17 4 4 0.00272 7.31
231.693 FeVII 26 20 5 7 0.00711 7.73
231.7333 MgIII 12 10 1 3 0.239 9.32
231.884 FeVIII 26 19 4 6 0.0137 8.01
232.047 FeVII 26 20 5 7 0.00524 7.59
232.442 FeVII 26 20 5 5 0.0568 8.63
232.584 HeII 2 1 2 6 0.00482 11.04
233.449 SiVIII 14 7 4 4 1.2e-06 4.0
233.481 SiVIII 14 7 4 6 1.37e-07 3.05
233.599 "N III" 7 5 2 4 0.000691 7.26
233.62 "N III" 7 5 2 2 0.00138 7.56
233.762 FeVII 26 20 5 5 0.0184 8.14
234.153 NiXXVI 28 3 2 2 0.0164 6.83
234.174 MgVI 12 7 4 2 1.06e-05 4.97
234.25 "P XI" 15 5 2 2 0.0834 6.86
234.2631 MgIII 12 10 1 3 0.011 7.99
234.347 HeII 2 1 2 6 0.0078 11.25
234.356 FeX 26 17 4 6 0.00027 6.31
234.41 CoXV 27 13 2 4 0.14 6.43
234.84 ClXI 17 7 4 2 0.0306 6.13
235.221 FeVII 26 20 5 3 0.0988 8.88
235.252 MgVI 12 7 4 4 4.66e-05 5.62
236.27 ArXIII 18 6 1 3 0.0579 7.7
237.331 HeII 2 1 2 6 0.0139 11.51
237.42 ClXI 17 7 4 4 0.0601 6.42
237.5 "V VII" 23 17 4 2 0.355 5.95
237.7 ClXIV 17 4 1 3 0.221 6.99
237.994 "N III" 7 5 2 4 0.000863 7.36
238.034 "N III" 7 5 2 2 0.00172 7.66
238.1 NeIII 10 8 5 3 0.0113 8.52
238.36 "O IV" 8 5 2 4 0.504 11.01
238.56 NiXXV 28 4 1 3 0.0021 5.95
238.617 MnVII 25 19 4 6 0.041 6.52
239.42 CoXV 27 13 2 2 0.11 6.33
239.508 NiXVI 28 13 2 2 0.224 7.98
239.81 "S XI" 16 6 1 3 0.0705 8.5
240.017 "F IV" 9 6 1 3 0.0801 5.76
240.22 "V VIII" 23 16 5 5 0.72 6.26
240.423 "V XXI" 23 3 2 4 0.0498 5.1
240.546 "F III" 9 7 4 6 0.00715 4.72
240.713 FeXIII 26 14 1 3 0.203 9.2
240.735 "F III" 9 7 4 4 0.00477 4.54
240.857 "F III" 9 7 4 2 0.00238 4.24
242.76 ClXI 17 7 4 6 0.0878 6.6
242.82 TiIX 22 14 1 3 0.0036 4.87
243.027 HeII 2 1 2 6 0.029 11.84
243.58 "V IX" 23 15 4 2 0.31 5.9
243.74 ArXIV 18 5 2 4 0.0536 7.68
244.19 CoXXV 27 3 2 2 0.017 5.53
244.46 "V IX" 23 15 4 4 0.62 6.2
244.56 "P VIII" 15 8 5 3 0.044 6.6
244.7 CrXII 24 13 2 4 0.539 7.8
244.89 "V IX" 23 15 4 6 0.9 6.36
244.907 "C IV" 6 3 2 4 0.0407 9.56
244.911 "C IV" 6 3 2 2 0.0203 9.26
244.912 FeIX 26 18 1 3 0.00024 6.28
244.935 MnVII 25 19 4 4 0.0034 5.45
246.004 SiVI 14 9 4 2 0.0802 8.85
247.19 FeXXII 26 5 2 2 0.00079 6.8
247.205 "N IV" 7 4 1 3 0.327 9.96
247.401 AlVIII 13 6 1 3 0.103 7.89
247.45 TiVI 22 17 4 4 0.064 6.13
247.473 MnVII 25 19 4 2 0.017 6.15
247.65 "P VIII" 15 8 5 5 0.129 7.07
247.95 "P XI" 15 5 2 2 0.0594 6.74
248.32 "N III" 7 5 2 4 0.00274 7.88
248.371 "N III" 7 5 2 2 0.00548 8.18
248.538 "O III" 8 6 1 3 0.0664 10.15
248.933 MgVI 12 7 4 2 1.55e-05 5.17
248.99 "S VI" 16 11 2 4 0.0547 8.4
249.189 NiXVII 28 12 1 3 0.768 8.53
249.27 "S VI" 16 11 2 2 0.0274 8.1
249.408 CaIV 20 17 4 4 0.00141 5.89
250.153 CaIV 20 17 4 6 0.0126 6.84
250.482 TiVI 22 17 4 6 1.7 7.56
250.512 NaIII 11 9 4 4 0.00701 6.55
250.516 NaIII 11 9 4 6 0.0631 7.51
250.79 CoXXIV 27 4 1 3 0.0018 4.56
251.12 NeIII 10 8 5 7 0.147 9.66
251.13 NeIII 10 8 5 5 0.0263 8.91
251.14 NeIII 10 8 5 3 0.00176 7.74
251.584 MgV 12 8 5 3 0.000269 6.41
251.815 MgVII 12 6 1 3 6.03e-07 3.76
252.19 FeXIV 26 13 2 4 0.149 9.08
252.44 "V V" 23 19 4 6 0.45 6.08
252.958 TiV 22 18 1 3 3.63 7.89
253.772 SiX 14 5 2 4 0.0582 8.72
255.09 FeXXIV 26 3 2 2 0.0181 8.17
255.155 "O III" 8 6 1 3 0.00689 9.18
255.587 "P V" 15 11 2 4 0.015 6.15
255.674 "P V" 15 11 2 2 0.0071 5.83
255.723 "F III" 9 7 4 2 0.113 5.94
255.77 "F III" 9 7 4 4 0.226 6.24
255.863 "F III" 9 7 4 6 0.338 6.42
255.88 CoXV 27 13 2 2 0.21 6.64
256.317 HeII 2 1 2 6 0.079 12.3
256.37 SiX 14 5 2 2 0.115 9.02
256.66 "S XIII" 16 4 1 3 0.23 9.04
257.16 "S X" 16 7 4 2 0.0269 8.11
257.385 FeXIV 26 13 2 2 0.293 9.39
257.43 ClXII 17 6 1 3 0.0848 6.61
257.976 CaV 20 16 5 5 0.0386 7.34
258.251 CaV 20 16 5 3 0.0129 6.86
259.181 CrVII 24 18 1 3 0.0028 5.54
259.276 AlVII 13 7 4 4 4.78e-07 2.57
259.296 TiXX 22 3 2 4 0.0509 6.05
259.309 AlVII 13 7 4 6 4.65e-08 1.56
259.52 "S X" 16 7 4 4 0.0534 8.41
262.662 "O III" 8 6 1 3 0.0109 9.39
263.22 "P X" 15 6 1 3 0.0771 6.88
263.246 TiVI 22 17 4 2 0.381 6.93
263.39 MnXXI 25 5 2 2 0.00063 4.75
263.692 "O III" 8 6 1 3 0.104 10.37
263.76 FeXXIII 26 4 1 3 0.0015 7.11
264.078 CrVI 24 19 4 6 0.04 6.7
264.24 "S X" 16 7 4 6 0.0786 8.59
264.257 "O III" 8 6 1 3 0.0736 10.22
264.78 ClXIII 17 5 2 4 0.067 6.52
264.822 "N III" 7 5 2 4 0.00655 8.29
264.846 "N III" 7 5 2 2 0.0131 8.59
265.31 "V XI" 23 13 2 4 0.57 6.2
265.74 CoXVI 27 12 1 3 0.796 7.24
266.805 "N III" 7 5 2 4 0.00284 7.93
266.847 "N III" 7 5 2 2 0.00568 8.23
266.896 NaIII 11 9 4 2 0.0203 7.04
266.896 MnXXIII 25 3 2 2 0.0185 6.22
266.967 "O III" 8 6 1 3 0.118 10.43
267.05 NeIII 10 8 5 3 0.0102 8.53
267.07 NeIII 10 8 5 5 0.0306 9.0
267.401 TiVIII 22 15 4 2 0.327 6.87
267.427 NaV 11 7 4 2 6.87e-06 3.57
267.645 NaIII 11 9 4 4 0.101 7.74
268.178 TiVIII 22 15 4 4 0.653 7.17
268.25 ScVIII 21 14 1 3 0.0031 3.01
268.288 NaV 11 7 4 4 2.67e-05 4.17
268.347 "N III" 7 5 2 4 0.00597 8.25
269.072 "N III" 7 5 2 2 0.000544 7.22
269.533 TiVIII 22 15 4 6 0.98 7.35
270.073 "N III" 7 5 2 4 0.00782 8.37
270.305 CaV 20 16 5 7 0.074 7.64
270.324 "C III" 6 4 1 3 0.00772 8.88
270.494 CaV 20 16 5 5 0.0132 6.89
270.57 CaV 20 16 5 3 0.000879 5.72
271.077 "N III" 7 5 2 2 0.000634 7.29
271.995 SiX 14 5 2 2 0.0349 8.53
272.09 MnXIII 25 13 2 4 0.15 7.14
272.523 "N III" 7 5 2 4 0.011 8.53
272.641 SiVII 14 8 5 3 0.0356 8.54
273.695 CaIII 20 18 1 3 0.419 8.4
273.977 "N III" 7 5 2 2 0.00081 7.4
274.051 "C III" 6 4 1 3 0.0113 9.05
274.203 FeXIV 26 13 2 2 0.0578 8.71
274.411 TiIX 22 14 1 3 0.9 7.32
274.461 CaIII 20 18 1 3 0.0506 7.48
275.281 "O III" 8 6 1 3 0.0139 9.51
275.352 SiVII 14 8 5 5 0.106 9.02
276.145 MgVII 12 6 1 3 0.112 9.07
276.193 "N III" 7 5 2 4 0.0165 8.71
276.364 FeXI 26 16 5 3 0.0014 7.1
277.232 FeVI 26 21 4 6 0.00061 6.74
277.42 MnXIII 25 13 2 2 0.16 7.18
277.8 MnXXII 25 4 1 3 0.0013 5.09
277.947 FeVI 26 21 4 4 0.00852 7.88
278.244 FeVI 26 21 4 2 0.0213 8.28
278.26 "P XII" 15 4 1 3 0.251 7.41
278.436 "N III" 7 5 2 2 0.00115 7.56
278.694 AlV 13 9 4 2 0.0839 7.85
279.631 "O IV" 8 5 2 2 0.0314 9.87
279.733 CrXXII 24 3 2 2 0.0193 6.41
279.817 ScXIX 21 3 2 4 0.0523 4.26
280.043 "C III" 6 4 1 3 0.0164 9.22
280.114 AlIX 13 5 2 4 0.0628 7.73
280.141 TiIX 22 14 1 3 0.39 6.97
280.143 CrVI 24 19 4 6 0.01 6.13
280.234 "O III" 8 6 1 3 0.0111 9.42
280.992 ScV 21 17 4 4 0.073 4.4
281.4 "S XI" 16 6 1 3 0.0633 8.52
282.07 "N III" 7 5 2 4 0.0271 8.93
282.215 TiVI 22 17 4 6 0.001 4.38
282.407 AlIX 13 5 2 2 0.124 8.02
283.13 NeIII 10 8 5 3 0.000735 7.41
283.146 NeIII 10 8 5 5 0.011 8.58
283.167 NeIII 10 8 5 7 0.0618 9.33
283.26 "P IX" 15 7 4 2 0.0348 6.56
283.8 CrXX 24 5 2 2 0.0005 4.83
283.913 ScV 21 17 4 6 1.8 5.8
284.147 FeXV 26 12 1 3 0.824 9.88
284.978 CaV 20 16 5 3 0.0658 7.61
285.1 NaV 11 7 4 2 9.55e-06 3.75
285.37 "P IX" 15 7 4 4 0.0686 6.86
285.47 NaVI 11 6 1 3 3.04e-07 2.25
285.855 "N III" 7 5 2 2 0.00191 7.79
286.094 "S V" 16 12 1 3 0.0984 8.72
287.44 "V VI" 23 18 1 3 0.0021 3.8
288.423 "C III" 6 4 1 3 0.00325 8.53
288.45 "S XII" 16 5 2 4 0.0589 8.5
289.165 NiXVI 28 13 2 4 0.079 7.61
289.49 "P IX" 15 7 4 6 0.101 7.04
289.579 TiX 22 13 2 4 0.629 7.19
289.851 ScIV 21 18 1 3 3.92 6.15
290.467 FeVI 26 21 4 6 0.00185 7.24
290.63 SiIX 14 6 1 3 0.0795 8.91
290.965 NaIV 11 8 5 3 0.000166 4.99
291.02 FeVI 26 21 4 2 0.0646 8.78
291.3261 "C III" 6 4 1 3 0.0451 9.68
291.365 FeVI 26 21 4 4 0.0258 8.39
291.985 NiXVIII 28 11 2 4 0.253 8.12
292.15 ArVI 18 13 2 2 0.0827 7.94
292.447 "N III" 7 5 2 4 0.0484 9.2
292.672 MgVI 12 7 4 4 1.88e-07 3.32
292.701 MgVI 12 7 4 6 1.07e-08 2.08
293.15 CrXXI 24 4 1 3 0.001 5.15
293.742 "V XXI" 23 3 2 2 0.0202 4.79
293.82 FeVI 26 21 4 6 0.0282 8.43
294.516 FeVI 26 21 4 4 0.112 9.03
294.77 CrXII 24 13 2 4 0.157 7.35
294.95 MnXIII 25 13 2 2 0.19 7.28
295.169 NeII 10 9 4 2 0.00771 8.45
295.321 NiXII 28 17 4 2 0.0337 7.25
295.634 FeVI 26 21 4 6 0.02 8.28
296.164 ScV 21 17 4 2 0.41 5.17
296.311 ScIV 21 18 1 3 0.34 5.09
296.554 CaIV 20 17 4 2 0.00159 6.01
296.958 CaIII 20 18 1 3 1.17 8.88
298.15 NiXV 28 14 1 3 0.074 7.59
298.557 ScVII 21 15 4 6 1.1 5.61
299.037 ScIV 21 18 1 3 0.08 4.47
299.661 "N III" 7 5 2 2 0.00545 8.26
300.08 CrXII 24 13 2 2 0.189 7.43
300.153 NaII 11 10 1 3 0.122 7.87
300.517 SiIV 14 11 2 4 0.00207 7.34
300.531 SiIV 14 11 2 2 0.00104 7.04
300.56 AlIX 13 5 2 2 0.0377 7.53
301.436 NaII 11 10 1 3 0.2 8.09
301.741 CaIII 20 18 1 3 0.137 7.96
301.913 TiVI 22 17 4 6 0.00038 3.99
302.215 CaXVIII 20 3 2 4 0.0538 7.55
302.263 NiXIV 28 15 4 4 0.03 7.21
303.31 NiXIII 28 16 5 5 0.04 7.33
303.318 SiXI 14 4 1 3 0.265 9.46
303.32 FeXIII 26 14 1 3 0.0649 8.8
303.411 "O III" 8 6 1 3 0.16 10.62
303.7822 HeII 2 1 2 6 0.416 13.09
304.85 MnXIV 25 12 1 3 0.863 7.95
305.596 "O III" 8 6 1 3 0.47 11.09
305.761 "N III" 7 5 2 2 0.00679 8.37
307.249 AlVI 13 8 5 3 0.0376 7.54
307.842 MnVI 25 20 5 7 0.0023 5.38
308.853 MnVI 25 20 5 5 0.011 6.06
309.104 TiXX 22 3 2 2 0.0212 5.75
309.2 "P X" 15 6 1 3 0.089 7.01
309.597 AlVI 13 8 5 5 0.112 8.02
309.937 "V XX" 23 4 1 3 0.00083 3.43
310.1697 "C III" 6 4 1 3 0.0284 9.5
310.182 MnVI 25 20 5 5 0.0404 6.63
310.234 SiIV 14 11 2 4 0.00325 7.55
310.257 SiIV 14 11 2 2 0.00163 7.25
310.69 CoXV 27 13 2 4 0.078 6.29
311.55 "N III" 7 5 2 4 0.0159 8.74
311.806 MgVIII 12 5 2 4 0.0686 8.91
311.921 NaVI 11 6 1 3 0.124 7.9
312.422 "C IV" 6 3 2 4 0.135 10.19
312.453 "C IV" 6 3 2 2 0.0678 9.89
312.542 CoXVII 27 11 2 4 0.261 6.82
313.059 NeIII 10 8 5 3 0.0546 9.32
313.539 NeII 10 9 4 4 0.00137 7.72
313.743 MgVIII 12 5 2 2 0.137 9.21
314.31 SiVIII 14 7 4 2 0.0299 8.52
314.715 "N III" 7 5 2 4 0.194 9.84
315.219 "F III" 9 7 4 6 0.0676 5.81
315.536 "F III" 9 7 4 4 0.045 5.63
315.65 "P XI" 15 5 2 4 0.0731 6.93
315.747 "F III" 9 7 4 2 0.0224 5.33
316.202 SiVIII 14 7 4 4 0.0594 8.82
316.53 NiXIV 28 15 4 6 0.046 7.41
318.094 CaIV 20 17 4 6 1.42 8.99
318.385 CaIV 20 17 4 4 0.158 8.04
318.452 NeII 10 9 4 2 0.000502 7.29
318.615 ScIX 21 13 2 4 0.67 5.42
318.825 NeII 10 9 4 4 0.00251 7.99
318.85 CoXI 27 17 4 2 0.0343 5.95
318.89 CrXII 24 13 2 2 0.17 7.41
319.829 SiVIII 14 7 4 6 0.0882 9.0
320.558 NiXVIII 28 11 2 2 0.114 7.81
320.626 "V XI" 23 13 2 4 0.164 5.74
320.9943 MgIV 12 9 4 2 0.0871 9.03
321.609 CaV 20 16 5 3 0.000117 4.92
322.5741 "C III" 6 4 1 3 0.0452 9.72
322.757 CaV 20 16 5 5 0.00175 6.09
323.365 TiV 22 18 1 3 0.0019 4.72
323.436 "N III" 7 5 2 4 0.0173 8.8
323.493 "N III" 7 5 2 2 0.0348 9.1
323.52 AlVIII 13 6 1 3 0.0852 7.92
324.477 CaV 20 16 5 7 0.00973 6.84
324.568 NeII 10 9 4 4 0.0005 7.3
324.57 NeII 10 9 4 6 0.0045 8.25
325.7 CoXIII 27 15 4 4 0.033 5.94
325.945 "V XI" 23 13 2 2 0.22 5.88
326.028 ScXIX 21 3 2 2 0.0222 3.95
326.17 CoXII 27 16 5 5 0.036 5.98
326.517 NeII 10 9 4 4 0.00394 8.2
326.542 NeII 10 9 4 6 0.0354 9.15
326.777 "K XVII" 19 3 2 4 0.0558 6.39
326.787 NeII 10 9 4 2 0.0238 8.98
327.137 SiIV 14 11 2 4 0.00557 7.81
327.181 SiIV 14 11 2 2 0.00279 7.51
327.244 NeII 10 9 4 2 0.00704 8.45
327.262 NeII 10 9 4 4 0.0351 9.15
328.29 CrXIII 24 12 1 3 0.901 8.15
328.336 TiXIX 22 4 1 3 0.00066 4.27
328.47 "P V" 15 11 2 4 0.037 6.65
328.472 NeII 10 9 4 2 0.000795 7.51
328.775 "P V" 15 11 2 2 0.018 6.34
328.975 NeII 10 9 4 4 0.00397 8.21
329.11 CaIV 20 17 4 4 0.082 7.77
329.151 NeV 10 6 1 3 6.54e-08 3.42
329.28 MnXII 25 14 1 3 0.054 6.78
329.371 CaIV 20 17 4 2 0.123 7.95
329.774 NeII 10 9 4 2 0.00186 7.88
330.216 NeII 10 9 4 4 0.00928 8.58
330.66 NeII 10 9 4 4 0.00422 8.23
330.79 NeII 10 9 4 6 0.0379 9.19
331.434 CaIV 20 17 4 4 0.611 8.65
331.767 TiVI 22 17 4 2 0.00019 3.73
331.986 CaIV 20 17 4 6 0.732 8.73
332.14 "N III" 7 5 2 2 0.00614 8.36
332.783 AlX 13 4 1 3 0.287 8.46
333.44 CaVI 20 15 4 2 0.417 8.48
333.857 CaV 20 16 5 3 0.00405 6.47
334.056 NeIV 10 7 4 2 5.51e-06 5.35
334.14 CaVI 20 15 4 4 0.832 8.78
334.178 FeXIV 26 13 2 4 0.0709 8.88
335.23 MgVIII 12 5 2 2 0.041 8.72
335.33 CaVI 20 15 4 6 1.24 8.96
335.344 CaV 20 16 5 5 0.0121 6.95
335.407 FeXVI 26 11 2 4 0.265 9.46
335.664 NaV 11 7 4 4 7.93e-08 1.74
335.702 NaV 11 7 4 6 8.36e-10 -0.24
337.56 ArV 18 14 1 3 0.142 8.24
338.82 CoXIII 27 15 4 6 0.047 6.11
338.822 CaIV 20 17 4 2 0.105 7.89
338.824 CaVII 20 14 1 3 1.14 8.93
339.494 CoXVII 27 11 2 2 0.119 6.52
340.282 CaIV 20 17 4 4 0.522 8.59
340.389 CaV 20 16 5 3 0.283 8.32
341.113 FeXI 26 16 5 3 0.016 8.25
341.291 CaIV 20 17 4 2 0.45 8.53
341.95 SiIX 14 6 1 3 0.0705 8.93
344.772 CaXVIII 20 3 2 2 0.0236 7.25
345.448 NeIII 10 8 5 3 9.96e-05 6.63
345.723 FeX 26 17 4 2 0.0286 8.51
346.123 "V XI" 23 13 2 2 0.16 5.76
346.69 ScXVII 21 5 2 2 0.00023 1.99
346.852 FeXII 26 15 4 2 0.0177 8.3
347.021 CaVII 20 14 1 3 0.464 8.55
347.417 SiX 14 5 2 4 0.0662 8.91
348.184 FeXIII 26 14 1 3 0.0533 8.78
348.605 ScXVIII 21 4 1 3 0.00051 2.34
348.789 "F II" 9 8 5 3 0.00557 4.77
348.795 "F II" 9 8 5 5 0.0168 5.25
349.639 ArIII 18 16 5 5 0.00497 6.8
349.795 ArIII 18 16 5 3 0.00166 6.32
350.61 TiX 22 13 2 4 0.172 6.71
350.645 NaVII 11 5 2 4 0.0754 7.73
351.088 MgV 12 8 5 3 0.0396 8.72
352.107 FeXII 26 15 4 4 0.035 8.6
352.145 AlVII 13 7 4 2 0.0317 7.53
352.2466 NeII 10 9 4 2 0.00252 8.04
352.275 NaVII 11 5 2 2 0.15 8.03
352.661 FeXI 26 16 5 5 0.0464 8.72
352.9561 NeII 10 9 4 4 0.0125 8.73
353.091 MgV 12 8 5 5 0.118 9.2
353.423 "F II" 9 8 5 5 0.0215 5.36
353.466 "F II" 9 8 5 3 0.00716 4.88
353.769 AlVII 13 7 4 4 0.0631 7.83
353.92 ArXVI 18 3 2 4 0.0579 7.87
354.165 CaVIII 20 13 2 4 0.768 8.77
354.485 ArIII 18 16 5 5 0.00876 7.05
354.61 ArIII 18 16 5 3 0.00292 6.58
354.9622 NeII 10 9 4 4 0.0327 9.15
355.11 "V XII" 23 12 1 3 0.947 6.55
355.4541 NeII 10 9 4 2 0.00654 8.46
355.815 TiX 22 13 2 2 0.247 6.87
356.5405 NeII 10 9 4 4 0.011 8.68
356.7995 NeII 10 9 4 6 0.0994 9.64
356.88 AlVII 13 7 4 6 0.0939 8.01
357.95 NeV 10 6 1 3 0.139 9.79
357.969 CaIII 20 18 1 3 3.83 9.48
359.203 CrXI 24 14 1 3 0.055 6.98
360.798 FeXVI 26 11 2 2 0.122 9.15
360.97 MnXV 25 11 2 4 0.281 7.54
361.4326 NeII 10 9 4 2 0.0098 8.64
361.56 SiIV 14 11 2 4 0.0108 8.14
361.57 MnXIII 25 13 2 4 0.076 6.97
361.659 SiIV 14 11 2 2 0.00537 7.84
363.444 FeV 26 22 1 3 0.00439 7.71
363.77 MgVII 12 6 1 3 0.092 9.1
364.468 FeXII 26 15 4 6 0.0507 8.78
365.44 FeV 26 22 1 3 0.0769 8.96
365.656 "K XVII" 19 3 2 2 0.0248 6.09
366.7 NiXVII 28 12 1 3 0.0035 6.36
367.308 ArIII 18 16 5 7 0.0179 7.38
367.393 ArIII 18 16 5 5 0.0032 6.63
367.474 ArIII 18 16 5 3 0.000214 5.46
367.555 ArIII 18 16 5 3 0.0128 7.23
368.071 MgIX 12 4 1 3 0.314 9.64
368.091 ArIII 18 16 5 3 0.0185 7.39
368.313 ArIII 18 16 5 5 0.0555 7.87
368.99 "S IV" 16 13 2 2 0.0159 8.04
369.646 CaIV 20 17 4 4 0.00215 6.24
369.858 "F II" 9 8 5 3 0.00131 4.17
370.402 CaIV 20 17 4 6 0.0192 7.19
370.732 "F II" 9 8 5 3 6.47e-05 2.86
370.733 "F II" 9 8 5 5 0.00097 4.04
370.736 "F II" 9 8 5 7 0.00543 4.78
370.956 "F II" 9 8 5 3 0.000261 3.47
370.97 "F II" 9 8 5 5 0.00392 4.64
370.99 "F II" 9 8 5 7 0.0219 5.39
371.037 CaXVII 20 4 1 3 0.000394 5.5
371.16 ScIV 21 18 1 3 0.0016 2.86
371.729 ArIII 18 16 5 5 0.00895 7.08
371.746 ArIII 18 16 5 7 0.0502 7.83
371.776 ArIII 18 16 5 3 0.000597 5.91
372.075 NaII 11 10 1 3 0.212 8.21
374.005 "O III" 8 6 1 3 0.0831 10.42
374.204 "N III" 7 5 2 4 0.441 10.27
374.609 "F III" 9 7 4 2 2.39e-06 1.43
375.147 "F III" 9 7 4 4 6.99e-06 1.9
375.237 "F II" 9 8 5 3 0.0172 5.29
375.303 "F II" 9 8 5 5 0.0516 5.77
375.4 "F II" 9 8 5 3 0.0231 5.42
376.372 "B III" 5 3 2 4 0.015 3.63
376.624 "F II" 9 8 5 3 0.000512 3.77
376.65 "F II" 9 8 5 5 0.00769 4.94
376.687 "F II" 9 8 5 7 0.043 5.69
376.693 "O II" 8 7 4 4 0.029 9.97
376.745 "O II" 8 7 4 6 0.0436 10.15
376.778 MnIX 25 17 4 2 0.0355 6.66
376.85 "F II" 9 8 5 3 0.00118 4.13
377.154 MnXI 25 15 4 2 0.017 6.34
378.135 TiX 22 13 2 2 0.15 6.68
378.136 NaIII 11 9 4 2 0.0889 7.84
378.22 NaVII 11 5 2 2 0.0453 7.54
378.676 "F II" 9 8 5 3 8.68e-05 3.0
378.68 "F II" 9 8 5 5 0.0013 4.17
378.684 "F II" 9 8 5 7 0.00729 4.92
381.15 AlVIII 13 6 1 3 0.0749 7.94
382.142 MnXI 25 15 4 4 0.032 6.62
383.036 MnX 25 16 5 5 0.034 6.64
383.96 ClXV 17 3 2 4 0.0609 6.64
384.74 MnXV 25 11 2 2 0.13 7.23
384.95 AlIX 13 5 2 4 0.0708 7.92
385.46 "N II" 7 6 1 3 0.002 7.94
385.869 ScIX 21 13 2 4 0.182 4.94
386.14 TiXI 22 12 1 3 0.992 7.51
386.2028 "C III" 6 4 1 3 0.232 10.51
386.261 FeV 26 22 1 3 0.173 9.33
386.27 MnXII 25 14 1 3 0.066 6.94
387.651 "O II" 8 7 4 6 0.00189 8.79
387.901 "O II" 8 7 4 4 0.00127 8.62
387.984 FeV 26 22 1 3 0.0807 9.01
388.058 "O II" 8 7 4 2 0.000632 8.32
388.318 "P IV" 15 12 1 3 0.1 7.16
388.5 CoXVI 27 12 1 3 0.0037 5.07
389.14 ArXVI 18 3 2 2 0.0263 7.57
389.81 CrXIV 24 11 2 4 0.292 7.74
390.15 ClV 17 13 2 2 0.091 6.82
390.225 "F II" 9 8 5 3 0.00379 4.65
390.888 ScIX 21 13 2 2 0.29 5.14
391.558 "S IV" 16 13 2 4 5.14e-05 5.57
391.912 "O II" 8 7 4 2 0.0273 9.96
391.943 "O II" 8 7 4 4 0.0548 10.26
392.002 "O II" 8 7 4 6 0.0821 10.44
393.0 CrXII 24 13 2 4 0.077 7.16
393.469 "V X" 23 14 1 3 0.057 5.37
393.675 "F II" 9 8 5 7 0.0322 5.58
393.677 "F II" 9 8 5 5 0.00575 4.83
393.678 "F II" 9 8 5 3 0.000383 3.66
393.743 MnXI 25 15 4 6 0.048 6.81
395.919 ArIII 18 16 5 3 0.0238 7.53
396.004 "K XVI" 19 4 1 3 0.000296 4.2
396.369 ArIII 18 16 5 7 0.139 8.3
396.422 ArIII 18 16 5 5 0.0248 7.55
396.87 ArIV 18 15 4 6 0.0613 7.95
398.55 ArIV 18 15 4 4 0.0407 7.77
399.289 MgVI 12 7 4 2 0.0341 8.71
399.63 ArIV 18 15 4 2 0.0203 7.47
399.82 NeVI 10 5 2 4 0.0844 9.62
400.676 MgVI 12 7 4 4 0.0678 9.01
401.14 NeVI 10 5 2 2 0.168 9.92
402.801 "F III" 9 7 4 2 2.91e-06 1.55
403.315 MgVI 12 7 4 6 0.101 9.19
403.724 CaIII 20 18 1 3 0.7 8.79
405.848 NeII 10 9 4 4 0.00652 8.51
405.8538 NeII 10 9 4 6 0.0586 9.47
407.764 CaVII 20 14 1 3 0.27 8.38
408.378 SiIII 14 12 1 3 0.00286 7.62
408.6836 NaIV 11 8 5 3 0.0419 7.54
410.3715 NaIV 11 8 5 5 0.126 8.02
411.145 NaVIII 11 4 1 3 0.348 8.47
411.655 CrX 24 15 4 2 0.017 6.52
411.81 "B III" 5 3 2 4 0.0331 4.01
411.99 CrXIV 24 11 2 2 0.137 7.43
412.629 CrXI 24 14 1 3 0.063 7.09
413.112 CrVIII 24 17 4 2 0.0357 6.85
414.37 NaVI 11 6 1 3 0.1 7.93
415.5 ClXV 17 3 2 2 0.028 6.34
416.041 ScIX 21 13 2 2 0.14 4.86
416.69 CrX 24 15 4 4 0.033 6.82
417.24 FeXV 26 12 1 3 0.0032 7.64
417.61 "S XIV" 16 3 2 4 0.0639 8.7
418.29 CrIX 24 16 5 5 0.037 6.87
418.598 "O II" 8 7 4 6 0.00734 9.42
418.881 "O II" 8 7 4 4 0.00489 9.24
419.065 "O II" 8 7 4 2 0.00244 8.94
419.645 "F IV" 9 6 1 3 0.158 6.3
422.013 "F II" 9 8 5 3 0.0106 5.13
422.785 "V XIII" 23 11 2 4 0.305 6.13
422.85 ScX 21 12 1 3 1.05 5.74
423.487 TiIV 22 19 4 6 0.198 6.85
423.817 SiIII 14 12 1 3 0.00181 7.43
424.01 ArXV 18 4 1 3 0.000218 5.53
426.402 "N II" 7 6 1 3 0.00172 7.92
426.644 SiIII 14 12 1 3 0.000415 6.8
426.822 "N II" 7 6 1 3 0.00511 8.39
427.551 CrX 24 15 4 6 0.048 6.99
427.979 "N II" 7 6 1 3 0.000651 7.5
428.094 CaVIII 20 13 2 4 0.194 8.26
428.692 "N II" 7 6 1 3 0.00672 8.51
429.134 MgVII 12 6 1 3 0.0801 9.12
429.232 "V XI" 23 13 2 4 0.074 5.52
429.5 "N II" 7 6 1 3 0.0125 8.78
429.918 "O II" 8 7 4 2 0.0618 10.35
430.041 "O II" 8 7 4 4 0.124 10.66
430.177 "O II" 8 7 4 6 0.186 10.83
430.467 MgVIII 12 5 2 4 0.0763 9.1
430.914 "F II" 9 8 5 7 0.0817 6.03
430.915 "F II" 9 8 5 5 0.0146 5.28
430.917 "F II" 9 8 5 3 0.000974 4.1
431.259 "N II" 7 6 1 3 0.000509 7.39
431.455 "N II" 7 6 1 3 0.00853 8.62
432.632 "F II" 9 8 5 3 0.00886 5.06
432.869 CaVIII 20 13 2 2 0.382 8.56
433.042 TiIV 22 19 4 4 0.0015 4.74
433.176 NeVI 10 5 2 2 0.0505 9.43
433.567 TiIX 22 14 1 3 0.0583 6.33
433.635 TiIV 22 19 4 2 0.00775 5.46
434.559 CaIV 20 17 4 6 0.00609 6.76
434.671 "N II" 7 6 1 3 0.00562 8.44
435.309 "N II" 7 6 1 3 0.0107 8.72
435.636 CrV 24 20 5 5 0.008 6.22
435.636 "F II" 9 8 5 5 0.0264 5.54
436.1072 "N II" 7 6 1 3 0.0382 9.27
437.255 SiIII 14 12 1 3 0.00483 7.87
437.655 CrV 24 20 5 5 0.0373 6.89
437.752 CaIV 20 17 4 4 0.000672 5.81
438.773 "C II" 6 5 2 4 0.00128 8.31
438.824 "C II" 6 5 2 2 0.00257 8.61
439.603 "N II" 7 6 1 3 0.00067 7.52
439.691 CaIII 20 18 1 3 0.00165 6.2
441.599 "N II" 7 6 1 3 0.0136 8.83
442.052 "N II" 7 6 1 3 0.0461 9.36
443.429 "V XIII" 23 11 2 2 0.145 5.83
445.0397 NeII 10 9 4 2 0.0195 9.03
445.77 "S XIV" 16 3 2 2 0.0299 8.39
445.997 ArV 18 14 1 3 1.4 9.36
446.2556 NeII 10 9 4 4 0.0974 9.73
447.4 MnXIV 25 12 1 3 0.0024 5.56
448.2921 "N II" 7 6 1 3 0.00257 8.11
448.9396 "N II" 7 6 1 3 0.00158 7.9
450.564 CaIV 20 17 4 2 0.000146 5.16
451.2 ArIV 18 15 4 2 0.521 8.93
451.869 "N III" 7 5 2 2 0.0316 9.2
451.87 ArIV 18 15 4 4 1.04 9.23
452.132 "V IX" 23 15 4 2 0.017 4.91
452.522 "V X" 23 14 1 3 0.061 5.46
452.639 "N II" 7 6 1 3 0.0222 9.05
452.91 ArIV 18 15 4 6 1.56 9.41
453.237 "N II" 7 6 1 3 0.0625 9.5
454.558 CaIV 20 17 4 4 0.000726 5.86
454.84 ClXIV 17 4 1 3 0.000157 4.12
455.444 FeIII 26 24 9 7 3.73e-05 5.74
455.639 FeIII 26 24 9 9 0.00056 6.92
455.67 "P XIII" 15 3 2 4 0.068 7.06
455.756 FeIII 26 24 "9 1" 1 0.0041 7.78
456.284 "V VII" 23 17 4 2 0.0358 5.23
457.01 "V IX" 23 15 4 4 0.033 5.2
457.48 ArVI 18 13 2 4 0.942 9.19
457.818 SiIV 14 11 2 4 0.0236 8.58
458.12 ArV 18 14 1 3 0.579 8.98
458.155 SiIV 14 11 2 2 0.0118 8.28
459.799 "V VIII" 23 16 5 5 0.04 5.28
459.897 NaV 11 7 4 2 0.0364 7.53
460.7284 NeII 10 9 4 2 0.0857 9.69
460.741 TiXII 22 11 2 4 0.32 7.1
461.051 NaV 11 7 4 4 0.0727 7.84
461.711 CaVIII 20 13 2 2 0.0766 7.89
463.263 NaV 11 7 4 6 0.109 8.01
464.367 "F V" 9 5 2 4 0.0963 6.13
464.974 ArII 18 17 4 2 0.00972 7.22
465.221 NeVII 10 4 1 3 0.389 10.35
465.374 "F V" 9 5 2 2 0.192 6.43
465.8365 ArII 18 17 4 6 0.0101 7.23
466.129 SiIII 14 12 1 3 0.0141 8.37
466.24 CaIX 20 12 1 3 1.09 9.05
466.352 "C II" 6 5 2 4 0.00297 8.7
466.407 "C II" 6 5 2 2 0.00592 9.0
466.53 ArIII 18 16 5 3 0.0891 8.18
466.7373 "N II" 7 6 1 3 0.00364 8.28
467.143 "V IX" 23 15 4 6 0.049 5.38
467.399 ArIII 18 16 5 5 0.267 8.66
469.6301 ArII 18 17 4 6 0.0193 7.52
469.633 ArII 18 17 4 4 0.00214 6.56
471.574 TiX 22 13 2 4 0.074 6.47
471.921 "F II" 9 8 5 3 0.000697 4.0
471.952 "F II" 9 8 5 5 0.0104 5.17
471.999 "F II" 9 8 5 7 0.0586 5.92
473.028 ArIII 18 16 5 3 0.018 7.49
473.922 ArIII 18 16 5 5 0.269 8.67
474.4909 "N II" 7 6 1 3 0.0436 9.37
475.153 "O III" 8 6 1 3 1.5e-06 5.78
475.6481 "N II" 7 6 1 3 0.119 9.8
475.9054 ArII 18 17 4 6 0.106 8.26
476.351 "S III" 16 14 1 3 0.027 8.38
476.436 ArIII 18 16 5 7 1.5 9.41
477.105 ArII 18 17 4 4 0.0531 7.96
477.524 ArII 18 17 4 4 0.0117 7.31
479.006 ArII 18 17 4 2 0.00147 6.41
479.881 TiXII 22 11 2 2 0.152 6.79
480.193 ArII 18 17 4 4 0.00733 7.11
480.41 NeV 10 6 1 3 0.11 9.81
480.42 "P XIII" 15 3 2 2 0.0321 6.76
480.533 "S III" 16 14 1 3 0.0179 8.2
481.321 ScVIII 21 14 1 3 0.059 4.54
481.854 ArIII 18 16 5 3 0.226 8.6
482.2 CrXIII 24 12 1 3 0.0019 5.64
482.455 FeIII 26 24 "9 1" 1 0.0323 8.7
482.467 FeIII 26 24 9 9 0.0044 7.84
482.479 FeIII 26 24 9 7 0.000293 6.66
482.552 ArIII 18 16 5 5 0.675 9.07
484.172 "S III" 16 14 1 3 0.0578 8.72
486.068 FeIII 26 24 9 7 0.00114 7.25
486.211 FeIII 26 24 9 9 0.00571 7.95
486.74 NaVII 11 5 2 4 0.0829 7.92
486.8839 AlIII 13 11 2 4 0.00178 6.42
486.9124 AlIII 13 11 2 2 0.00089 6.12
487.068 ArXIV 18 5 2 4 3.72e-06 3.82
487.2272 ArII 18 17 4 2 0.0932 8.22
487.278 ArII 18 17 4 4 0.0953 8.23
487.341 FeIII 26 24 "9 1" 1 2.91e-05 5.66
487.585 FeIII 26 24 9 9 3.97e-06 4.8
487.799 FeIII 26 24 9 7 2.64e-07 3.62
488.108 NeIII 10 8 5 3 0.0438 9.42
488.451 ArIII 18 16 5 3 0.258 8.66
488.7926 ArII 18 17 4 6 0.18 8.5
488.962 ArII 18 17 4 2 0.019 7.53
489.1953 ArII 18 17 4 4 0.02 7.55
489.505 NeIII 10 8 5 5 0.131 9.9
489.58 NaVI 11 6 1 3 0.086 7.93
490.549 CaIII 20 18 1 3 0.000173 5.27
491.44 "S XIII" 16 4 1 3 0.000111 6.01
494.559 FeIII 26 24 9 7 0.00609 7.99
497.0 FeIII 26 24 9 9 0.000783 7.1
497.101 FeIII 26 24 9 7 0.000157 6.4
498.446 ArII 18 17 4 2 0.00583 7.02
499.4 SiXII 14 3 2 4 0.0719 9.11
499.479 TiIX 22 14 1 3 0.058 6.39
499.9192 ArII 18 17 4 4 0.0291 7.72
500.045 ArII 18 17 4 4 0.000325 5.77
500.116 TiVIII 22 15 4 2 0.017 5.86
500.8016 ArII 18 17 4 6 0.00292 6.73
501.1897 ArII 18 17 4 4 0.00248 6.65
501.3872 ArII 18 17 4 2 0.000495 5.95
501.851 FeIII 26 24 9 7 0.000107 6.24
501.976 FeIII 26 24 9 9 0.00161 7.42
502.16 FeIII 26 24 "9 1" 1 0.0117 8.28
502.841 "S XII" 16 5 2 4 1.88e-06 4.25
504.801 TiVIII 22 15 4 4 0.033 6.15
505.108 ScXI 21 11 2 4 0.337 5.32
506.159 "F V" 9 5 2 2 0.0574 5.94
506.2 HeI 2 2 1 3 0.00119 10.77
506.5702 HeI 2 2 1 3 0.0015 10.87
507.0576 HeI 2 2 1 3 0.00188 10.97
507.391 "O III" 8 6 1 3 0.185 10.9
507.7178 HeI 2 2 1 3 0.00259 11.11
508.388 ArXIV 18 5 2 2 9.02e-05 5.22
508.439 ArIII 18 16 5 7 0.158 8.46
508.575 TiVI 22 17 4 2 0.0355 6.19
508.607 ArIII 18 16 5 5 0.0282 7.72
508.6431 HeI 2 2 1 3 0.00369 11.26
508.668 ArIII 18 16 5 3 0.00188 6.54
508.669 "N II" 7 6 1 3 0.0105 8.78
509.9979 HeI 2 2 1 3 0.00553 11.44
510.5509 ArII 18 17 4 4 0.000956 6.25
510.5564 ArII 18 17 4 6 0.0086 7.2
511.1384 AlIII 13 11 2 4 0.00296 6.66
511.1907 AlIII 13 11 2 2 0.00148 6.36
512.0982 HeI 2 2 1 3 0.00883 11.65
514.206 TiVIII 22 15 4 6 0.049 6.33
515.278 "S XII" 16 5 2 2 4.48e-05 5.63
515.6165 HeI 2 2 1 3 0.0154 11.89
518.244 "B III" 5 3 2 4 0.102 4.6
518.271 "B III" 5 3 2 2 0.0511 4.3
518.9088 ArII 18 17 4 4 0.0383 7.86
519.3269 ArII 18 17 4 6 0.345 8.81
519.382 "K VIII" 19 12 1 3 1.14 7.9
520.67 SiXII 14 3 2 2 0.0345 8.8
521.894 ScIX 21 13 2 4 0.073 4.67
522.094 ArV 18 14 1 3 0.305 8.76
522.2128 HeI 2 2 1 3 0.0307 12.19
522.4 "V XII" 23 12 1 3 0.0014 3.88
522.777 ScXI 21 11 2 2 0.161 5.02
524.6803 ArII 18 17 4 4 0.131 8.4
525.689 FeIV 26 23 6 8 0.183 9.49
526.293 FeIV 26 23 6 6 0.138 9.37
526.4969 ArII 18 17 4 2 0.026 7.7
526.634 FeIV 26 23 6 4 0.0914 9.19
529.3572 "N II" 7 6 1 3 0.103 9.79
529.896 ArIII 18 16 5 7 0.0266 7.71
530.274 "C II" 6 5 2 4 0.0362 9.84
530.455 ArIII 18 16 5 3 0.000902 6.24
532.09 "P XII" 15 4 1 3 0.000756 5.17
532.41 ArIII 18 16 5 5 0.00473 6.96
533.5099 "N II" 7 6 1 3 0.299 10.25
534.268 ArIII 18 16 5 3 0.000314 5.78
535.207 "F VI" 9 4 1 3 0.443 6.85
537.0296 HeI 2 2 1 3 0.0752 12.6
538.406 "C II" 6 5 2 2 0.000605 8.07
539.0855 "O II" 8 7 4 6 0.0652 10.48
539.396 CaVII 20 14 1 3 0.0665 7.89
539.5489 "O II" 8 7 4 4 0.0435 10.3
539.8544 "O II" 8 7 4 2 0.0217 10.0
541.127 NeIV 10 7 4 2 0.039 9.41
541.182 FeIII 26 24 "9 1" 1 0.0568 9.0
541.186 FeIII 26 24 9 9 0.00775 8.13
541.188 FeIII 26 24 9 7 0.000517 6.96
542.073 NeIV 10 7 4 4 0.0779 9.72
543.2032 ArII 18 17 4 2 0.13 8.41
543.257 "C II" 6 5 2 4 0.0349 9.84
543.7305 ArII 18 17 4 2 0.00811 7.2
543.891 NeIV 10 7 4 6 0.116 9.89
544.73 ArVI 18 13 2 4 0.218 8.63
546.1768 ArII 18 17 4 4 0.0404 7.9
546.852 "F II" 9 8 5 3 0.0555 5.96
547.541 "B II" 5 4 1 3 0.0242 4.0
548.91 ArVI 18 13 2 2 0.433 8.94
549.3195 "C II" 6 5 2 4 0.00607 9.08
549.3785 "C II" 6 5 2 2 0.0121 9.38
550.03 AlXI 13 3 2 4 0.0773 8.11
551.17 "S IV" 16 13 2 2 0.0869 8.95
551.68 "C II" 6 5 2 2 0.00112 8.35
553.33 "O IV" 8 5 2 4 0.112 10.72
553.465 ArIII 18 16 5 3 0.122 8.39
554.075 "O IV" 8 5 2 2 0.224 11.02
555.672 ScVIII 21 14 1 3 0.055 4.58
555.7659 ArII 18 17 4 4 1.74e-06 3.55
556.8169 ArII 18 17 4 6 1.57e-05 4.5
557.763 CaX 20 11 2 4 0.343 8.62
558.044 ScVII 21 15 4 2 0.016 4.04
558.59 NeVI 10 5 2 4 0.0907 9.79
558.755 "S II" 16 15 4 2 0.00624 7.81
558.924 "S II" 16 15 4 4 0.0125 8.11
559.131 "S II" 16 15 4 6 0.0187 8.29
560.2394 "C II" 6 5 2 4 0.0571 10.07
560.3173 AlIII 13 11 2 4 0.00535 6.96
560.4331 AlIII 13 11 2 2 0.00267 6.66
562.504 ScVII 21 15 4 4 0.032 4.35
566.613 SiIII 14 12 1 3 0.0155 8.49
568.15 AlXI 13 3 2 2 0.0375 7.81
568.42 NeV 10 6 1 3 0.0928 9.81
569.3 TiXI 22 12 1 3 0.0013 4.8
570.64 "F IV" 9 6 1 3 0.122 6.32
571.156 "S II" 16 15 4 2 0.012 8.11
571.249 ScVII 21 15 4 6 0.048 4.53
571.364 "S II" 16 15 4 4 0.0241 8.41
571.779 "S II" 16 15 4 6 0.036 8.58
572.0136 ArII 18 17 4 2 0.0515 8.03
573.355 ScV 21 17 4 2 0.0346 4.39
573.3619 ArII 18 17 4 4 0.257 8.73
574.01 CaX 20 11 2 2 0.166 8.32
574.397 "S II" 16 15 4 6 0.00368 7.6
576.057 "S II" 16 15 4 4 0.00244 7.42
576.8748 "C II" 6 5 2 2 0.00234 8.69
576.978 "S II" 16 15 4 2 0.00122 7.12
578.6043 ArII 18 17 4 4 0.055 8.06
580.2631 ArII 18 17 4 6 0.493 9.02
580.85 SiXI 14 4 1 3 4.99e-05 6.01
582.845 CaVIII 20 13 2 4 0.0725 7.97
584.334 HeI 2 2 1 3 0.285 13.21
585.75 ArVII 18 12 1 3 1.24 9.42
586.195 "B II" 5 4 1 3 0.0514 4.36
588.84 "F I" 9 9 4 2 0.197 6.54
588.92 ArVI 18 13 2 2 0.0873 8.27
593.507 "S II" 16 15 4 2 0.0276 8.48
593.835 "S II" 16 15 4 4 0.0552 8.79
594.072 FeIII 26 24 9 7 0.0109 8.32
594.475 "S II" 16 15 4 6 0.0828 8.96
594.8 "C II" 6 5 2 4 0.117 10.4
597.7 ArII 18 17 4 2 0.0686 8.17
600.661 "S II" 16 15 4 6 0.00768 7.93
602.446 "S II" 16 15 4 4 0.00511 7.76
603.43 "S II" 16 15 4 2 0.00255 7.46
605.67 "F II" 9 8 5 3 0.0441 5.91
606.804 "F II" 9 8 5 5 0.132 6.38
607.903 SiX 14 5 2 4 8.53e-07 4.26
607.931 "K II" 19 18 1 3 0.000216 4.25
608.398 "O IV" 8 5 2 2 0.067 10.54
609.79 MgX 12 3 2 4 0.0842 9.29
615.6283 NeI 10 10 1 3 0.00648 8.69
617.055 SiX 14 5 2 2 2.02e-05 5.65
618.6716 NeI 10 10 1 3 0.016 9.09
619.1023 NeI 10 10 1 3 0.00569 8.64
621.452 "K IX" 19 11 2 4 0.362 7.48
624.385 CaVII 20 14 1 3 0.0503 7.84
624.95 MgX 12 3 2 2 0.041 8.99
626.8232 NeI 10 10 1 3 0.0131 9.0
627.0693 ScIII 21 19 4 6 0.07 4.73
629.602 CaVI 20 15 4 2 0.016 7.34
629.73 "O V" 8 4 1 3 0.515 11.44
629.7388 NeI 10 10 1 3 0.00856 8.82
633.844 CaVI 20 15 4 4 0.0318 7.64
635.9945 "C II" 6 5 2 2 0.00614 9.15
636.325 "K IX" 19 11 2 2 0.177 7.18
636.824 ArIII 18 16 5 3 2.67e-05 4.79
637.256 ArIII 18 16 5 5 0.0004 5.97
637.288 ArIII 18 16 5 7 0.00225 6.72
637.917 CaV 20 16 5 3 0.0139 7.29
637.99 AlX 13 4 1 3 3.17e-05 4.79
640.412 "S II" 16 15 4 2 0.0868 9.01
640.902 "S II" 16 15 4 4 0.174 9.32
641.767 "S II" 16 15 4 6 0.26 9.49
641.904 CaVI 20 15 4 6 0.0471 7.82
644.6337 "N II" 7 6 1 3 0.224 10.21
646.534 CaV 20 16 5 5 0.041 7.76
654.029 "F V" 9 5 2 4 0.0999 6.3
656.001 CaIV 20 17 4 2 0.0295 7.63
656.121 "F III" 9 7 4 2 0.0418 5.92
656.329 "F III" 9 7 4 6 0.126 6.4
656.869 "F III" 9 7 4 4 0.0835 6.22
657.34 "S IV" 16 13 2 4 1.18 10.16
658.398 "K VII" 19 13 2 4 0.44 7.59
661.8689 ArII 18 17 4 6 0.0793 8.28
662.267 "S II" 16 15 4 6 0.0277 8.53
664.315 "S II" 16 15 4 4 0.0184 8.36
664.5622 ArII 18 17 4 4 0.00877 7.33
665.519 "S II" 16 15 4 2 0.00917 8.06
671.1 "F I" 9 9 4 2 0.00315 4.81
671.358 ClVI 17 12 1 3 1.28 8.2
671.4102 "N II" 7 6 1 3 0.0766 9.76
671.8513 ArII 18 17 4 6 0.0781 8.28
672.8562 ArII 18 17 4 4 0.00866 7.33
675.607 AlIX 13 5 2 4 5.46e-07 3.05
676.119 "F IV" 9 6 1 3 0.1 6.31
677.746 "S III" 16 14 1 3 1.64 10.32
679.024 AlII 13 12 1 3 0.000856 6.24
680.698 "F I" 9 9 4 2 0.0195 5.6
681.47 "S III" 16 14 1 3 0.0683 8.94
681.72 NaIX 11 3 2 4 0.0924 8.11
682.923 "V IV" 23 20 5 5 0.0482 5.54
683.48 AlIX 13 5 2 2 1.3e-05 4.43
683.529 AlII 13 12 1 3 0.000945 6.29
684.996 "N III" 7 5 2 4 0.135 10.02
685.513 "N III" 7 5 2 2 0.268 10.31
686.4883 ArII 18 17 4 4 0.000374 5.97
687.0526 "C II" 6 5 2 4 0.336 10.92
689.936 AlII 13 12 1 3 0.000995 6.32
691.0373 ArII 18 17 4 2 7.42e-05 5.27
693.947 "B II" 5 4 1 3 0.0993 4.72
694.27 NaIX 11 3 2 2 0.0454 7.81
695.8289 AlIII 13 11 2 4 0.00926 7.29
696.217 AlIII 13 11 2 2 0.00462 6.99
698.731 "S III" 16 14 1 3 0.783 10.01
699.489 AlII 13 12 1 3 0.00105 6.35
700.245 ArVIII 18 11 2 4 0.385 8.99
702.332 "O III" 8 6 1 3 0.137 10.91
705.364 ArV 18 14 1 3 0.0613 8.2
705.72 MgIX 12 4 1 3 1.93e-05 5.71
710.526 "K VI" 19 14 1 3 0.47 7.65
713.812 ArVIII 18 11 2 2 0.188 8.69
714.695 AlII 13 12 1 3 0.0011 6.38
718.0898 ArII 18 17 4 2 0.0364 7.98
720.44 "K V" 19 15 4 2 0.16 7.19
723.3605 ArII 18 17 4 4 0.181 8.68
724.289 "S III" 16 14 1 3 0.352 9.68
724.441 "K V" 19 15 4 4 0.32 7.5
725.71 BeII 4 3 2 6 0.00506 1.98
727.47 "F I" 9 9 4 4 0.000315 3.84
727.53 "F I" 9 9 4 6 0.00283 4.79
727.682 FeIII 26 24 9 7 0.00775 8.26
728.812 FeIII 26 24 9 9 0.0387 8.96
730.5997 ScIII 21 19 4 6 0.14 5.1
731.869 "K V" 19 15 4 6 0.48 7.68
732.129 "F I" 9 9 4 4 0.00107 4.37
733.03 "F I" 9 9 4 2 0.000214 3.68
734.296 FeIII 26 24 "9 1" 1 0.0132 8.5
734.478 "F I" 9 9 4 2 0.000549 4.09
734.679 "F I" 9 9 4 4 0.000527 4.07
734.795 "F I" 9 9 4 6 0.00474 5.02
735.247 FeIII 26 24 9 7 0.00012 6.46
735.344 FeIII 26 24 9 9 0.0018 7.63
735.469 "F I" 9 9 4 4 0.00275 4.79
735.8962 NeI 10 10 1 3 0.149 10.13
737.146 "K IV" 19 16 5 3 0.18 7.25
737.4537 ArII 18 17 4 2 0.00015 5.6
737.669 "O I" 8 8 5 3 0.000282 8.25
737.683 "O I" 8 8 5 5 0.000848 8.73
739.071 "O I" 8 8 5 3 0.000363 8.36
739.085 "O I" 8 8 5 5 0.00109 8.84
740.2691 ArII 18 17 4 4 0.0025 6.83
741.031 "O I" 8 8 5 3 0.000493 8.49
741.055 "O I" 8 8 5 5 0.00148 8.97
741.182 AlII 13 12 1 3 0.00109 6.39
743.58 BeII 4 3 2 6 0.00821 2.21
743.7195 NeI 10 10 1 3 0.0121 9.04
743.901 "O I" 8 8 5 3 0.000709 8.65
743.929 "O I" 8 8 5 5 0.00213 9.13
744.907 "S IV" 16 13 2 4 0.251 9.54
745.258 "K IV" 19 16 5 5 0.53 7.73
745.767 "F I" 9 9 4 4 0.00191 4.63
746.768 "F I" 9 9 4 2 0.000382 3.94
748.338 "F I" 9 9 4 4 0.000965 4.34
748.355 "O I" 8 8 5 3 0.00111 8.85
748.37 ZnI 30 30 1 3 0.00151 4.7
748.38 "O I" 8 8 5 5 0.00333 9.33
748.4 "S IV" 16 13 2 2 0.5 9.84
748.58 "F I" 9 9 4 6 0.00869 5.29
750.61 "F I" 9 9 4 2 0.00115 4.42
751.861 "F I" 9 9 4 4 0.00576 5.12
753.713 SiII 14 13 2 4 0.000914 7.39
754.191 SiII 14 13 2 2 0.00183 7.69
754.93 ArVI 18 13 2 4 0.0668 8.26
755.765 "O I" 8 8 5 3 0.00199 9.11
755.79 "O I" 8 8 5 5 0.00597 9.58
758.938 MgVIII 12 5 2 4 3.34e-07 3.98
763.34 "N III" 7 5 2 2 0.082 9.85
763.657 "S II" 16 15 4 2 0.398 9.75
764.42 "S II" 16 15 4 4 0.795 10.05
765.148 "N IV" 7 4 1 3 0.616 10.72
765.51 ZnI 30 30 1 3 0.002 4.83
765.644 "K III" 19 17 4 2 0.22 7.36
765.693 "S II" 16 15 4 6 1.19 10.23
765.708 MgVIII 12 5 2 2 7.96e-06 5.36
769.3528 "O I" 8 8 5 3 0.00477 9.49
769.4083 "O I" 8 8 5 5 0.0143 9.97
770.409 NeVIII 10 3 2 4 0.103 9.99
775.362 BeII 4 3 2 4 0.00992 2.31
775.365 BeII 4 3 2 2 0.00496 2.0
776.762 TiIV 22 19 4 4 0.013 5.93
776.926 "F I" 9 9 4 4 0.00354 4.92
778.088 "F I" 9 9 4 2 0.000707 4.22
779.538 ScIII 21 19 4 4 0.0013 3.1
779.91 "F I" 9 9 4 4 0.00195 4.66
780.324 NeVIII 10 3 2 2 0.0505 9.69
780.39 "F I" 9 9 4 6 0.0176 5.62
780.5966 ScIII 21 19 4 2 0.0063 3.78
781.73 TiIV 22 19 4 2 0.065 6.64
786.48 "S V" 16 12 1 3 1.42 10.32
787.711 "O IV" 8 5 2 4 0.111 10.87
789.6 NaVIII 11 4 1 3 1.1e-05 4.25
790.006 "F I" 9 9 4 2 0.00316 4.88
791.5136 "O I" 8 8 5 3 0.0155 10.02
791.875 "F I" 9 9 4 4 0.0157 5.57
791.9732 "O I" 8 8 5 5 0.0464 10.5
792.0 ZnI 30 30 1 3 0.00161 4.76
794.07 ZnI 30 30 1 3 0.0051 5.26
794.475 AlII 13 12 1 3 0.000565 6.13
800.641 ClVII 17 11 2 4 0.418 7.79
803.234 SiII 14 13 2 4 0.00462 8.12
804.654 SiII 14 13 2 2 0.001 7.46
806.97 "F I" 9 9 4 6 0.0434 6.02
806.97 "F I" 9 9 4 4 0.00483 5.07
808.078 FeIII 26 24 9 7 0.00228 7.78
809.668 "S IV" 16 13 2 2 0.104 9.2
809.91 ZnI 30 30 1 3 0.00767 5.44
810.665 "O I" 8 8 5 3 0.000738 8.71
811.0512 "O I" 8 8 5 5 0.00221 9.18
812.96 ClVII 17 11 2 2 0.209 7.5
813.379 FeIII 26 24 9 9 0.0694 9.26
814.137 FeIII 26 24 9 7 0.0138 8.56
818.59 SiII 14 13 2 4 0.00818 8.38
820.921 SiII 14 13 2 2 0.0016 7.67
822.16 ArV 18 14 1 3 0.0433 8.11
823.256 FeIII 26 24 "9 1" 1 0.0161 8.63
824.799 FeIII 26 24 9 9 0.00219 7.77
826.387 FeIII 26 24 9 7 0.000145 6.59
829.6 GaII 31 30 1 3 0.00681 3.88
832.7572 "O II" 8 7 4 2 0.0444 10.5
832.927 "O III" 8 6 1 3 0.107 10.88
833.3294 "O II" 8 7 4 4 0.0886 10.8
834.4655 "O II" 8 7 4 6 0.132 10.97
840.03 ArIV 18 15 4 2 0.013 7.6
842.025 BeII 4 3 2 4 0.0208 2.66
842.031 BeII 4 3 2 2 0.0104 2.36
843.7192 SiII 14 13 2 4 0.0168 8.7
843.77 ArIV 18 15 4 4 0.0259 7.9
844.288 FeIII 26 24 9 7 0.0684 9.27
848.07 SiII 14 13 2 2 0.00279 7.92
850.6 ArIV 18 15 4 6 0.0385 8.08
850.907 FeIII 26 24 9 9 0.000609 7.22
854.2 FeIII 26 24 9 7 0.000121 6.52
858.0918 "C II" 6 5 2 2 0.013 9.61
858.551 FeIII 26 24 9 7 0.00105 7.46
858.609 FeIII 26 24 9 9 0.0157 8.64
859.723 FeIII 26 24 "9 1" 1 0.115 9.51
860.15 "N I" 7 7 4 6 0.00119 8.06
861.15 "N I" 7 7 "4 1" 2 0.000776 7.87
862.14 "N I" 7 7 4 6 0.00162 8.2
862.402 "N I" 7 7 4 6 0.000535 7.71
862.985 "N I" 7 7 4 4 0.000357 7.54
863.336 "N I" 7 7 4 2 0.000178 7.24
865.225 "N I" 7 7 4 6 0.000768 7.87
865.406 "N I" 7 7 4 6 0.0023 8.35
865.835 "N I" 7 7 4 4 0.000511 7.7
866.18 "N I" 7 7 4 2 0.000256 7.4
866.8 ArI 18 18 1 3 0.106 8.52
869.218 NaVII 11 5 2 4 1.94e-07 2.54
869.404 "N I" 7 7 4 6 0.00116 8.05
869.424 "N I" 7 7 4 4 0.00226 8.34
869.482 "N I" 7 7 4 6 0.0034 8.52
869.7542 ArI 18 18 1 3 0.0119 7.57
870.029 "N I" 7 7 4 4 0.000771 7.88
870.332 MgII 12 11 2 4 0.000211 6.84
870.346 MgII 12 11 2 2 0.000105 6.54
870.367 "N I" 7 7 4 2 0.000386 7.58
871.105 ArIII 18 16 5 3 0.00969 7.49
874.791 NaVII 11 5 2 2 4.62e-06 3.92
875.277 "N I" 7 7 4 2 0.00178 8.24
875.656 "N I" 7 7 4 4 0.00355 8.54
875.721 "N I" 7 7 4 6 0.00533 8.72
876.0577 ArI 18 18 1 3 0.093 8.47
876.331 "N I" 7 7 4 6 0.00187 8.26
876.645 "N I" 7 7 4 4 0.00125 8.09
876.987 "N I" 7 7 4 2 0.000622 7.79
877.7983 "O I" 8 8 5 3 0.0197 10.17
877.8787 "O I" 8 8 5 5 0.0589 10.64
878.729 ArIII 18 16 5 5 0.0288 7.96
879.9466 ArI 18 18 1 3 0.0268 7.93
883.11 "F VII" 9 3 2 4 0.115 6.49
883.125 ClV 17 13 2 4 0.53 7.94
884.6967 MgII 12 11 2 4 0.0003 7.0
884.7189 MgII 12 11 2 2 0.00015 6.7
885.973 "N I" 7 7 4 2 0.003 8.47
886.226 "N I" 7 7 4 4 0.00599 8.77
886.332 "N I" 7 7 4 6 0.00899 8.95
887.457 "N I" 7 7 4 6 0.00328 8.51
888.022 "N I" 7 7 4 4 0.00219 8.34
888.372 "N I" 7 7 4 2 0.0011 8.04
889.7228 SiII 14 13 2 4 0.0434 9.14
890.786 "F VII" 9 3 2 2 0.0573 6.19
895.18 NeVII 10 4 1 3 5.89e-06 5.81
899.4063 SiII 14 13 2 2 0.0057 8.26
903.6235 "C II" 6 5 2 4 0.168 10.74
903.9616 "C II" 6 5 2 2 0.336 11.04
906.206 "N I" 7 7 4 2 0.00557 8.75
906.433 "N I" 7 7 4 4 0.0112 9.06
906.617 "N I" 7 7 4 6 0.0167 9.23
906.885 "S II" 16 15 4 6 0.187 9.5
907.3752 MgII 12 11 2 4 0.000442 7.18
907.4115 MgII 12 11 2 2 0.000221 6.88
909.6976 "N I" 7 7 4 6 0.00667 8.83
910.2785 "N I" 7 7 4 4 0.00445 8.66
910.484 "S II" 16 15 4 4 0.124 9.32
910.6456 "N I" 7 7 4 2 0.00222 8.36
912.653 CrIII 24 22 1 3 0.000793 5.54
912.735 "S II" 16 15 4 2 0.062 9.02
912.768 "H I" 1 1 2 6 5.81e-05 10.72
912.839 "H I" 1 1 2 6 6.43e-05 10.77
912.918 "H I" 1 1 2 6 7.15e-05 10.81
913.006 "H I" 1 1 2 6 7.97e-05 10.86
913.104 "H I" 1 1 2 6 8.93e-05 10.91
913.215 "H I" 1 1 2 6 0.0001 10.96
913.339 "H I" 1 1 2 6 0.000114 11.02
913.48 "H I" 1 1 2 6 0.000129 11.07
913.641 "H I" 1 1 2 6 0.000148 11.13
913.826 "H I" 1 1 2 6 0.00017 11.19
913.968 "P III" 15 13 2 4 0.203 7.84
914.039 "H I" 1 1 2 6 0.000197 11.26
914.286 "H I" 1 1 2 6 0.00023 11.32
914.576 "H I" 1 1 2 6 0.00027 11.39
914.919 "H I" 1 1 2 6 0.000321 11.47
915.329 "H I" 1 1 2 6 0.000386 11.55
915.6131 "N II" 7 6 1 3 0.16 10.22
915.824 "H I" 1 1 2 6 0.000469 11.63
916.429 "H I" 1 1 2 6 0.000578 11.72
916.815 "O I" 8 8 5 7 0.000398 8.49
916.815 "O I" 8 8 5 5 7.1e-05 7.74
916.815 "O I" 8 8 5 3 4.74e-06 6.57
917.118 "P III" 15 13 2 2 0.405 8.14
917.1806 "H I" 1 1 2 6 0.000723 11.82
918.044 "O I" 8 8 5 7 0.000516 8.61
918.044 "O I" 8 8 5 5 9.21e-05 7.86
918.044 "O I" 8 8 5 3 6.15e-06 6.68
918.1294 "H I" 1 1 2 6 0.000921 11.93
918.569 CrIII 24 22 1 3 0.00611 6.43
919.3514 "H I" 1 1 2 6 0.0012 12.04
919.658 "O I" 8 8 5 7 0.000659 8.71
919.658 "O I" 8 8 5 5 0.000118 7.97
919.658 "O I" 8 8 5 3 7.85e-06 6.79
919.781 ArII 18 17 4 2 0.0181 7.78
919.908 "O I" 8 8 5 3 0.000176 8.14
920.9631 "H I" 1 1 2 6 0.0016 12.17
921.501 FeII 26 "25 1" 0 8 0.00057 7.23
921.86 "O I" 8 8 5 7 0.000903 8.85
921.86 "O I" 8 8 5 5 0.000162 8.1
921.86 "O I" 8 8 5 3 1.08e-05 6.93
922.2 "O I" 8 8 5 3 0.000242 8.28
923.1504 "H I" 1 1 2 6 0.00222 12.31
923.78 CrIII 24 22 1 3 0.0811 7.55
923.879 FeII 26 "25 1" 0 8 0.00186 7.75
924.952 "O I" 8 8 5 7 0.00129 9.01
924.952 "O I" 8 8 5 5 0.000229 8.26
924.952 "O I" 8 8 5 3 1.53e-05 7.08
925.442 "O I" 8 8 5 3 0.00035 8.44
926.212 FeII 26 "25 1" "0 1" 0 0.0438 9.12
926.2257 "H I" 1 1 2 6 0.00319 12.47
926.898 FeII 26 "25 1" 0 8 0.0059 8.25
928.179 NiII 28 27 6 4 6.51e-06 4.03
928.325 FeII 26 "25 1" "0 1" 2 0.000356 7.03
929.5168 "O I" 8 8 5 7 0.0019 9.18
929.5168 "O I" 8 8 5 5 0.000341 8.43
929.5168 "O I" 8 8 5 3 2.27e-05 7.25
929.972 CoIII 27 "25 1" 0 8 0.0119 5.95
930.2566 "O I" 8 8 5 3 0.000532 8.62
930.7483 "H I" 1 1 2 6 0.00482 12.65
933.134 FeII 26 "25 1" 0 8 0.00011 6.52
933.34 NiII 28 27 6 4 0.00173 6.46
933.378 "S VI" 16 11 2 4 0.445 9.89
933.862 NiII 28 27 6 6 0.000585 5.99
935.2738 AlII 13 12 1 3 0.003 6.93
935.518 FeII 26 "25 1" "0 1" 2 0.00372 8.05
935.772 FeII 26 "25 1" 0 8 0.000323 6.99
936.6295 "O I" 8 8 5 7 0.00302 9.38
936.6295 "O I" 8 8 5 5 0.00054 8.63
936.6295 "O I" 8 8 5 3 3.6e-05 7.46
936.637 CoIII 27 "25 1" "0 1" 0 0.048 6.56
937.652 FeII 26 "25 1" "0 1" 2 0.0195 8.77
937.8035 "H I" 1 1 2 6 0.0078 12.86
937.8405 "O I" 8 8 5 3 0.000867 8.84
937.906 NiII 28 27 6 8 0.0001 5.22
938.011 FeII 26 "25 1" 0 8 0.00183 7.74
939.061 CoIII 27 "25 1" 0 8 0.0897 6.84
939.165 FeII 26 "25 1" 0 8 0.00146 7.65
940.192 FeII 26 "25 1" "0 1" 0 0.0121 8.57
940.883 NiII 28 27 6 6 3.98e-05 4.82
944.523 "S VI" 16 11 2 2 0.22 9.59
944.633 NiII 28 27 6 6 0.00176 6.47
944.84 NiII 28 27 6 8 0.000733 6.09
945.191 "C I" 6 6 1 3 0.2726 10.97
945.338 "C I*" 6 6 3 3 0.2725 10.97
945.579 "C I**" 6 6 5 3 0.2725 10.97
946.353 NiII 28 27 6 6 7.11e-06 4.08
946.7033 MgII 12 11 2 4 0.000665 7.38
946.7694 MgII 12 11 2 2 0.000332 7.08
947.876 NiII 28 27 6 8 0.000145 5.39
948.6855 "O I" 8 8 5 7 0.00524 9.63
948.6855 "O I" 8 8 5 5 0.000937 8.88
948.6855 "O I" 8 8 5 3 6.25e-05 7.7
949.7431 "H I" 1 1 2 6 0.0139 13.12
950.1121 "O I*" 8 8 "" -1 0.00644 9.72
950.657 "P IV" 15 12 1 3 1.16 8.61
950.7327 "O I**" 8 8 "" -1 0.00643 9.72
950.8846 "O I" 8 8 5 3 0.00157 9.1
951.0791 "N I" 7 7 4 6 0.000129 7.14
951.2947 "N I" 7 7 4 4 1.81e-05 6.29
951.87 "F I" 9 9 4 2 0.0158 5.66
952.297 CoIII 27 "25 1" 0 8 0.00802 5.79
952.3034 "N I" 7 7 4 6 0.00176 8.27
952.3178 "O I*" 8 8 "" -1 0.00157 9.1
952.4148 "N I" 7 7 4 4 0.00156 8.22
952.5227 "N I" 7 7 4 2 0.000417 7.65
952.9413 "O I**" 8 8 "" -1 0.00157 9.1
953.4152 "N I" 7 7 4 2 0.0116 9.09
953.6549 "N I" 7 7 4 4 0.0231 9.39
953.9699 "N I" 7 7 4 6 0.0347 9.57
954.1042 "N I" 7 7 4 6 0.00442 8.68
954.826 "F I" 9 9 4 4 0.0789 6.36
955.2643 "N I" 7 7 4 6 5.02e-05 6.73
955.437 "N I" 7 7 4 4 1.16e-06 5.09
955.5292 "N I" 7 7 4 2 1.73e-05 6.27
955.598 NiII 28 27 6 8 0.000547 5.97
955.8814 "N I" 7 7 4 4 5.87e-05 6.8
956.908 NiII 28 27 6 6 0.000315 5.73
959.4936 "N I" 7 7 4 4 1.61e-05 6.24
960.201 "N I" 7 7 4 2 3.61e-06 5.59
961.041 "P II" 15 14 1 3 0.349 8.1
963.801 "P II" 15 14 1 3 1.46 8.72
963.9903 "N I" 7 7 4 6 0.0157 9.23
964.6256 "N I" 7 7 4 4 0.0105 9.06
965.0413 "N I" 7 7 4 2 0.00522 8.75
966.165 CoIII 27 "25 1" 0 8 0.00123 4.98
966.333 M91(X) -1 "" "" -1 nan 7.0
967.24 CoIII 27 "25 1" "0 1" 0 0.00123 4.99
968.567 CoIII 27 "25 1" "0 1" 2 3.04e-06 2.38
971.7371 "O I" 8 8 5 3 0.000154 8.11
971.7376 "O I" 8 8 5 5 0.00231 9.28
971.7382 "O I" 8 8 5 7 0.013 10.03
972.1418 "O I" 8 8 5 3 4.48e-07 5.57
972.1422 "O I" 8 8 5 5 3.1e-05 7.41
972.1428 "O I" 8 8 5 7 0.000317 8.42
972.38 "F I" 9 9 4 2 1.09e-05 2.51
972.5368 "H I" 1 1 2 6 0.029 13.45
972.779 "P II" 15 14 1 3 0.00132 5.68
973.1877 ClIV 17 14 1 3 0.0444 6.91
973.2339 "O I*" 8 8 "" -1 0.0037 9.49
973.2343 "O I*" 8 8 "" -1 0.0111 9.96
973.305 NiII 28 27 6 4 1.1e-05 4.28
973.6395 "O I*" 8 8 "" -1 9.36e-08 4.89
973.6398 "O I*" 8 8 "" -1 1.83e-05 7.18
973.6402 "O I*" 8 8 "" -1 0.000175 8.16
973.8852 "O I**" 8 8 "" -1 0.0148 10.09
973.895 "F I" 9 9 4 4 0.000294 3.94
974.07 "O I" 8 8 5 5 2e-05 7.22
974.2916 "O I**" 8 8 "" -1 8.91e-05 7.87
975.574 "O I*" 8 8 "" -1 nan 7.22
976.4481 "O I" 8 8 5 3 0.00327 9.43
976.508 "F I" 9 9 4 6 6.43e-06 2.28
977.02 "C III" 6 4 1 3 0.767 11.43
977.9594 "O I*" 8 8 "" -1 0.00329 9.44
978.617 "O I**" 8 8 "" -1 0.00329 9.44
982.755 NiII 28 27 6 6 0.000191 5.52
984.142 ZnII 30 29 2 4 0.00225 5.0
984.2865 ClI 17 17 4 2 0.0244 6.65
986.525 ZnII 30 29 2 2 0.00071 4.5
986.621 M91(X) -1 "" "" -1 nan 8.0
987.027 M91(X) -1 "" "" -1 nan 7.0
987.9145 ClI 17 17 4 6 0.0378 6.84
988.5778 "O I" 8 8 5 3 0.000535 8.65
988.6549 "O I" 8 8 5 5 0.00803 9.83
988.7734 "O I" 8 8 5 7 0.0449 10.58
989.799 "N III" 7 5 2 4 0.122 10.13
989.8731 SiII 14 13 2 4 0.171 9.78
990.1269 "O I*" 8 8 "" -1 0.0128 10.03
990.2043 "O I*" 8 8 "" -1 0.0385 10.51
990.801 "O I**" 8 8 "" -1 0.0513 10.64
992.6828 SiII* 14 13 "" -1 0.119 9.62
992.6956 SiII* 14 13 "" -1 0.193 8.67
993.0 NeVI 10 5 2 4 1.05e-07 4.11
993.947 NiII 28 27 6 6 3.58e-05 4.8
996.5402 ClI 17 17 4 6 0.0208 6.59
997.4 NeVI 10 5 2 2 2.45e-06 5.48
997.5375 ClI 17 17 4 4 0.000929 5.24
998.0 "P III" 15 13 2 2 0.112 7.62
999.1011 GeII 32 31 2 4 0.0568 5.38
1001.561 NiII 28 27 6 8 6.67e-06 4.07
1001.958 "V III" 23 21 4 6 7.53e-05 2.9
1002.3464 ClI 17 17 4 6 0.0705 7.12
1002.435 FeII 26 "25 1" "0 1" 0 1.82e-06 4.77
1003.372 "N I" 7 7 4 4 4.89e-08 3.74
1003.377 "N I" 7 7 4 6 3.39e-07 4.58
1003.48 FeII 26 "25 1" "0 1" 0 4.63e-06 5.18
1003.658 FeII 26 "25 1" 0 8 2.17e-07 3.85
1004.6676 ClI 17 17 4 2 0.158 7.47
1004.939 "V III" 23 21 4 4 0.00074 3.89
1005.2779 ClIII 17 15 4 2 0.00717 6.13
1005.631 "V III" 23 21 4 6 0.000574 3.78
1005.848 NiII 28 27 6 8 0.000116 5.32
1008.253 "V III" 23 21 4 4 0.00822 4.94
1008.767 ClIII 17 15 4 4 0.0143 6.43
1009.354 "V III" 23 21 4 2 0.0221 5.37
1010.902 "B I" 5 5 2 2 0.000332 2.41
1011.136 FeII 26 "25 1" 0 8 1.58e-07 3.71
1012.501 "S III" 16 14 1 3 0.0425 8.9
1013.87 ClVI 17 12 1 3 0.000176 4.52
1014.233 FeII 26 "25 1" "0 1" 0 0.000266 6.94
1014.751 CoIII 27 "25 1" 0 8 0.000133 4.04
1014.859 FeII 26 "25 1" 0 8 3.74e-05 6.09
1015.0249 ClIII 17 15 4 6 0.0213 6.6
1016.35 FeII 26 "25 1" 0 8 1.7e-05 5.75
1017.387 CoIII 27 "25 1" "0 1" 0 9.4e-06 2.89
1017.515 CoII 27 26 9 7 0.000343 4.45
1020.6989 SiII 14 13 2 2 0.0151 8.74
1020.744 CoII 27 26 9 7 0.00114 4.98
1023.032 M91(X) -1 "" "" -1 nan 7.5
1023.487 CoII 27 26 9 9 0.000455 4.58
1023.7002 SiII* 14 13 "" -1 0.0282 9.01
1025.2821 ClI 17 17 4 6 0.0445 6.93
1025.678 CoII 27 26 9 7 0.000845 4.85
1025.4429 "D I" 1 1 2 4 0.05275 9.43
1025.444 "D I" 1 1 2 2 0.02637 9.13
1025.7219 "H I" 1 1 2 4 0.05274 13.73
1025.723 "H I" 1 1 2 2 0.02637 13.43
1025.7616 "O I" 8 8 5 7 0.0158 10.14
1025.7626 "O I" 8 8 5 5 0.00282 9.39
1025.7633 "O I" 8 8 5 3 0.000188 8.22
1025.9681 MgII 12 11 2 4 0.000936 7.56
1026.1134 MgII 12 11 2 2 0.000468 7.26
1026.4733 "O I" 8 8 5 3 2.35e-06 6.31
1026.4744 "O I" 8 8 5 5 0.000187 8.21
1026.4757 "O I" 8 8 5 7 0.00246 9.33
1027.1786 ClI 17 17 4 4 0.00345 5.82
1027.4305 "O I*" 8 8 "" -1 0.0152 10.12
1027.4313 "O I*" 8 8 "" -1 0.00507 9.65
1028.026 NiII 28 27 6 6 1.74e-06 3.5
1028.1431 "O I*" 8 8 "" -1 4.93e-07 5.64
1028.1436 "O I*" 8 8 "" -1 9.61e-05 7.93
1028.1447 "O I*" 8 8 "" -1 0.00103 8.95
1028.1571 "O I**" 8 8 "" -1 0.0203 10.24
1028.1739 ClI 17 17 4 4 0.0223 6.63
1028.8705 "O I**" 8 8 "" -1 0.000468 8.61
1029.3433 ClI 17 17 4 2 0.00117 5.35
1030.1 CrIII 24 22 1 3 0.0625 7.49
1030.259 CoII 27 26 9 9 0.00312 5.42
1030.8845 ClI 17 17 4 4 0.0287 6.74
1031.507 ClI 17 17 4 6 0.151 7.46
1031.542 CoII 27 26 "9 1" 1 0.00029 4.39
1031.9261 "O VI" 8 3 2 4 0.133 11.07
1032.52 "F VI" 9 4 1 3 3.51e-06 2.04
1033.331 CrIII 24 22 1 3 0.064 7.5
1036.299 BeII 4 3 2 4 0.0551 3.18
1036.319 BeII 4 3 2 2 0.0275 2.87
1036.3367 "C II" 6 5 2 2 0.122 10.66
1036.617 M91(X) -1 "" "" -1 nan 7.5
1037.0182 "C II*" 6 5 "" -1 0.123 10.67
1037.6167 "O VI" 8 3 2 2 0.0661 10.77
1037.808 FeII 26 "25 1" 0 8 6.24e-06 5.32
1039.078 FeII 26 "25 1" "0 1" 0 3.58e-07 4.08
1039.105 CoII 27 26 "9 1" 1 0.000325 4.44
1039.2304 "O I" 8 8 5 3 0.00904 9.9
1039.313 FeII 26 "25 1" 0 8 0.000141 6.68
1040.05 CrIII 24 22 1 3 0.122 7.78
1040.9425 "O I*" 8 8 "" -1 0.00918 9.9
1041.6876 "O I**" 8 8 "" -1 0.00918 9.9
1041.7148 ClI 17 17 4 2 0.00522 6.01
1041.92 CoII 27 26 9 9 0.000334 4.45
1042.7793 ClI 17 17 4 4 0.025 6.69
1043.9857 ClI 17 17 4 6 0.0181 6.55
1047.131 XeI 54 54 1 3 0.0641 4.06
1047.647 "B I" 5 5 2 4 0.00115 2.96
1047.695 "B I" 5 5 2 2 0.00231 3.26
1048.2199 ArI 18 18 1 3 0.244 8.97
1049.82 "S I" 16 16 5 5 0.0124 8.38
1050.101 XeI 54 54 1 3 0.00422 2.88
1050.3 "S I" 16 16 5 3 0.00415 7.91
1050.351 MnII 25 24 7 9 7.58e-05 4.43
1051.75 FeII 26 "25 1" 0 8 6.78e-07 4.36
1052.746 MnII 25 24 7 7 2e-05 3.85
1053.891 MnII 25 24 7 5 6.27e-07 2.35
1055.0261 GeII 32 31 2 2 0.0116 4.72
1055.2617 FeII 26 "25 1" 0 8 0.008 8.44
1055.534 M91(X) -1 "" "" -1 nan 7.0
1055.545 M91(X) -1 "" "" -1 nan 7.0
1055.9 NiII 28 27 6 8 3.21e-06 3.78
1056.123 XeI 54 54 1 3 0.123 4.34
1059.476 M91(X) -1 "" "" -1 nan 8.0
1061.25 XeI 54 54 1 3 0.00962 3.24
1061.685 FeII 26 "25 1" "0 1" 2 2.74e-05 5.97
1062.152 FeII 26 "25 1" "0 1" 0 0.0038 8.12
1062.198 CrII 24 23 6 6 0.00249 6.1
1062.662 "S IV" 16 13 2 4 0.0487 8.98
1063.002 FeII 26 "25 1" 0 8 3.12e-06 5.03
1063.1764 FeII 26 "25 1" "0 1" 0 0.06 9.31
1063.801 CrII 24 23 6 4 0.00218 6.05
1063.8311 ClII 17 16 5 3 0.00503 6.0
1063.9718 FeII 26 "25 1" 0 8 0.0045 8.19
1064.21 CrII 24 23 6 8 0.00432 6.34
1065.201 M91(X) -1 "" "" -1 nan 7.0
1065.768 M91(X) -1 "" "" -1 nan 7.0
1066.6599 ArI 18 18 1 3 0.0665 8.41
1069.66 FeII 26 "25 1" 0 8 2.15e-05 5.87
1069.695 FeII 26 "25 1" "0 1" 0 3.24e-06 5.05
1071.0358 ClII 17 16 5 5 0.015 6.48
1073.769 FeII 26 "25 1" 0 8 1.11e-06 4.59
1078.579 XeI 54 54 1 3 0.209 4.58
1079.293 CrII 24 23 6 8 0.00357 6.27
1079.8821 ClI 17 17 4 2 0.000653 5.12
1079.8821 FeII 26 "25 1" 0 8 1.54e-06 4.73
1081.8748 FeII 26 "25 1" "0 1" 2 0.014 8.69
1081.935 FeII 26 "25 1" "0 1" 0 3.13e-05 6.04
1082.041 CrII 24 23 6 6 0.00269 6.14
1083.4204 FeII 26 "25 1" "0 1" 0 0.00406 8.15
1083.63 FeII 26 "25 1" 0 8 4.09e-07 4.16
1083.9937 "N II" 7 6 1 3 0.109 10.12
1084.183 CrII 24 23 6 4 0.00177 5.96
1084.562 "N II*" 7 6 "" -1 0.0258 9.5
1084.58 "N II*" 7 6 "" -1 0.0773 9.97
1084.667 ClI 17 17 4 4 0.011 6.35
1084.9315 FeII 26 "25 1" "0 1" 0 1.09e-05 5.58
1084.992 FeII 26 "25 1" "0 1" 2 0.000783 7.44
1085.1381 FeII 26 "25 1" 0 8 0.000154 6.73
1085.1709 ClI 17 17 4 2 8.67e-05 4.24
1085.3035 ClI 17 17 4 4 1.27e-05 3.41
1085.437 XeI 54 54 1 3 0.0217 3.6
1085.529 "N II**" 7 6 "" -1 0.00103 8.1
1085.579 FeII 26 "25 1" "0 1" 0 0.000121 6.63
1085.546 "N II**" 7 6 "" -1 0.0154 9.27
1085.701 "N II**" 7 6 "" -1 0.0865 10.02
1085.903 FeII 26 "25 1" 0 8 1.29e-06 4.66
1088.0589 ClI 17 17 4 6 0.0159 6.51
1088.5 GeIII 32 30 1 3 1.79 6.92
1090.7387 ClI 17 17 4 4 0.00252 5.71
1090.9815 ClI 17 17 4 6 0.00244 5.7
1092.1287 ClI 17 17 4 2 0.00462 5.97
1092.4365 ClI 17 17 4 4 0.00931 6.28
1092.62 "S I" 16 16 5 5 0.011 8.35
1092.99 "S I" 16 16 5 3 0.00368 7.87
1094.7686 ClI 17 17 4 6 0.00112 5.36
1096.8098 ClI 17 17 4 4 0.0134 6.44
1096.8769 FeII 26 "25 1" 0 8 0.032 9.06
1097.3692 ClI 17 17 4 6 0.0423 6.94
1098.0683 ClI 17 17 4 2 0.000256 4.72
1099.523 ClI 17 17 4 4 0.00381 5.89
1099.712 XeI 54 54 1 3 0.0236 3.64
1101.008 M91(X) -1 "" "" -1 nan 7.0
1101.5567 FeII 26 "25 1" 0 8 2.81e-06 5.0
1101.9361 ClI 17 17 4 6 0.0384 6.9
1103.316 "C I" 6 6 1 3 nan nan
1103.516 "C I*" 6 6 3 3 nan nan
1103.629 "C I" 6 6 1 3 0.01445 9.76
1103.828 "C I*" 6 6 3 3 0.002837 9.06
1103.845 "C I**" 6 6 5 3 nan nan
1103.991 "C I" 6 6 1 3 nan nan
1104.157 "C I**" 6 6 5 3 nan nan
1104.19 "C I*" 6 6 3 3 nan nan
1104.427 "C I" 6 6 1 3 0.0007244 8.46
1104.52 "C I**" 6 6 5 3 nan nan
1104.627 "C I*" 6 6 3 3 0.0008972 8.56
1104.772 M91(X) -1 "" "" -1 nan 7.0
1104.942 "C I" 6 6 1 3 0.003631 9.16
1104.957 "C I**" 6 6 5 3 nan nan
1105.142 "C I*" 6 6 3 3 0.002837 9.06
1105.195 M91(X) -1 "" "" -1 nan 7.0
1105.472 "C I**" 6 6 5 3 nan nan
1105.532 "C I" 6 6 1 3 0.002291 8.96
1105.732 "C I*" 6 6 3 3 0.0113 9.66
1105.882 M91(X) -1 "" "" -1 nan 7.5
1106.063 "C I**" 6 6 5 3 nan nan
1106.2208 FeII 26 "25 1" 0 8 1.06e-05 5.58
1106.25 "C I" 6 6 1 3 0.0004571 8.26
1106.315 "C I" 6 6 1 3 0.005129 9.31
1106.3596 FeII 26 "25 1" "0 1" 0 0.0015 7.73
1106.449 "V II" 23 22 1 3 0.0239 5.44
1106.45 "C I*" 6 6 3 3 nan nan
1106.571 "V II" 23 22 1 3 0.123 6.15
1106.508 M91(X) -1 "" "" -1 nan 7.0
1106.781 "C I**" 6 6 5 3 nan nan
1107.043 "C I" 6 6 1 3 0.0003631 8.16
1107.146 "C I" 6 6 1 3 0.001148 8.66
1107.347 "C I*" 6 6 3 3 0.001422 8.76
1107.412 FeII 26 "25 1" 0 8 1.88e-09 1.83
1107.679 "C I**" 6 6 5 3 nan nan
1107.908 "C I" 6 6 1 3 nan nan
1108.109 "C I*" 6 6 3 3 nan nan
1108.26 "C I" 6 6 1 3 nan nan
1108.441 "C I**" 6 6 5 3 nan nan
1108.462 "C I*" 6 6 3 3 nan nan
1108.504 FeII 26 "25 1" "0 1" 2 6.21e-05 6.35
1108.794 "C I**" 6 6 5 3 nan nan
1109.031 "C I" 6 6 1 3 0.008912 9.56
1109.16 ZnI 30 30 1 3 0.0169 5.92
1109.233 "C I*" 6 6 3 3 nan nan
1109.565 "C I**" 6 6 5 3 nan nan
1109.634 "C I" 6 6 1 3 0.007079 9.46
1109.836 "C I*" 6 6 3 3 nan nan
1110.169 "C I**" 6 6 5 3 nan nan
1110.2803 FeII 26 "25 1" "0 1" 0 0.00112 7.6
1110.441 "C I" 6 6 1 3 0.003548 9.16
1110.5832 FeII 26 "25 1" "0 1" 0 7.85e-08 3.45
1110.708 XeI 54 54 1 3 0.0832 4.2
1111.421 "C I" 6 6 1 3 0.008912 9.56
1111.624 "C I*" 6 6 3 3 0.003572 9.16
1111.7255 "C I*" 6 6 3 5 0.01205 9.69
1111.957 "C I**" 6 6 5 3 nan nan
1112.048 FeII 26 "25 1" "0 1" 2 0.00912 8.52
1112.058 "C I**" 6 6 5 7 0.0135 9.74
1112.0593 "C I**" 6 6 5 5 0.00241 8.99
1112.269 "C I" 6 6 1 3 0.01606 9.81
1112.472 "C I*" 6 6 3 3 0.004015 9.21
1112.806 "C I**" 6 6 5 3 0.0001607 7.81
1113.793 "C I" 6 6 1 3 0.003981 9.21
1113.996 "C I*" 6 6 3 3 nan nan
1114.1258 "C I*" 6 6 3 5 0.008474 9.54
1114.332 "C I**" 6 6 5 3 nan nan
1114.457 "C I**" 6 6 5 7 0.009488 9.58
1114.4611 "C I**" 6 6 5 5 0.001694 8.84
1114.628 "C I" 6 6 1 3 0.01129 9.66
1114.832 "C I*" 6 6 3 3 0.002823 9.06
1114.872 M91(X) -1 "" "" -1 nan 7.3
1115.168 "C I**" 6 6 5 3 0.000113 7.66
1117.0 "C I" 6 6 1 3 0.000389 8.2
1117.132 "C I" 6 6 1 3 0.0002307 7.97
1117.205 "C I*" 6 6 3 3 7.126e-07 5.46
1117.244 "C I*" 6 6 3 5 6.351e-05 7.41
1117.337 "C I*" 6 6 3 3 4.852e-05 7.29
1117.542 "C I**" 6 6 5 3 1.954e-05 6.9
1117.581 "C I**" 6 6 5 5 5.383e-05 7.34
1117.6215 "C I**" 6 6 5 7 1.099e-05 6.65
1117.674 "C I**" 6 6 5 3 5.808e-05 7.37
1117.393 "C I*" 6 6 3 5 0.004215 9.23
1117.69 "C I*" 6 6 3 5 0.0001484 7.78
1117.724 "C I**" 6 6 5 7 0.004719 9.28
1117.7302 "C I**" 6 6 5 5 0.0008427 8.53
1117.847 "V III" 23 21 4 6 0.000984 4.06
1117.866 "C I" 6 6 1 3 0.005618 9.36
1117.9202 "C I" 6 6 1 3 0.0003561 8.16
1117.977 "P V" 15 11 2 4 0.473 8.29
1118.03 "C I**" 6 6 5 5 0.0002671 8.04
1118.07 "C I*" 6 6 3 3 0.001404 8.76
1118.1252 "C I*" 6 6 3 3 8.901e-05 7.56
1118.15 "C I*" 6 6 3 1 0.0001187 7.68
1118.18 "C I*" 6 6 3 5 3.183e-05 7.11
1118.206 MnII 25 24 7 7 9.16e-05 4.54
1118.3796 "C I*" 6 6 3 5 0.0001238 7.7
1118.408 "C I**" 6 6 5 3 5.619e-05 7.36
1118.4629 "C I**" 6 6 5 3 8.898e-05 7.56
1118.491 "C I**" 6 6 5 7 3.396e-05 7.14
1118.518 "C I**" 6 6 5 5 9.355e-06 6.58
1118.7174 "C I**" 6 6 5 5 6.472e-05 7.42
1121.158 "V III" 23 21 4 4 0.0194 5.36
1121.452 "C I" 6 6 1 3 0.001774 8.86
1121.5196 "C I" 6 6 1 3 0.0003548 8.16
1121.641 "C I*" 6 6 3 1 0.0005914 8.38
1121.658 "C I*" 6 6 3 3 0.0004435 8.26
1121.7132 "C I" 6 6 1 3 nan nan
1121.7259 "C I*" 6 6 3 3 3.411e-07 5.14
1121.758 "C I*" 6 6 3 5 0.0007391 8.48
1121.9196 "C I*" 6 6 3 3 nan nan
1121.9748 FeII 26 "25 1" 0 8 0.02 8.86
1121.998 "C I**" 6 6 5 3 0.0004434 8.26
1122.0038 "C I*" 6 6 3 5 0.002125 8.94
1122.0657 "C I**" 6 6 5 3 1.178e-05 6.68
1122.098 "C I**" 6 6 5 5 0.00133 8.73
1122.1795 "C I**" 6 6 5 7 0.0004477 8.26
1122.2595 "C I**" 6 6 5 3 0.01416 9.76
1122.28 "C I*" 6 6 3 5 0.0009293 8.58
1122.334 "C I**" 6 6 5 7 0.002379 8.99
1122.3438 "C I**" 6 6 5 5 0.0004248 8.24
1122.438 "C I" 6 6 1 3 0.002832 9.06
1122.5183 "C I" 6 6 1 3 0.00223 8.96
1122.524 FeIII 26 24 9 7 0.0797 9.46
1122.597 MnII 25 24 7 5 5.03e-05 4.28
1122.62 "C I**" 6 6 5 5 0.001672 8.83
1122.644 "C I*" 6 6 3 3 0.0007079 8.46
1122.725 "C I*" 6 6 3 3 0.0005573 8.36
1122.7727 "C I*" 6 6 3 1 0.0007431 8.48
1122.794 "C I*" 6 6 3 5 0.0005661 8.36
1122.985 "C I**" 6 6 5 3 2.833e-05 7.06
1123.0654 "C I**" 6 6 5 3 0.0005572 8.36
1123.105 "C I**" 6 6 5 7 0.0002143 7.94
1123.119 "C I*" 6 6 3 5 5.532e-06 6.35
1123.135 "C I**" 6 6 5 5 2.296e-07 4.97
1123.4597 "C I**" 6 6 5 5 1.205e-05 6.69
1123.524 "V III" 23 21 4 2 0.0561 5.82
1124.298 "V III" 23 21 4 6 0.000169 3.3
1124.945 "P II" 15 14 1 3 0.00126 5.72
1125.4478 FeII 26 "25 1" 0 8 0.011 8.6
1127.0984 FeII 26 "25 1" "0 1" 0 0.003 8.04
1128.008 "P V" 15 11 2 2 0.235 7.99
1128.079 "C I" 6 6 1 3 0.002808 9.06
1128.1713 "C I" 6 6 1 3 0.001122 8.66
1128.3801 "C I*" 6 6 3 3 nan nan
1128.724 "C I**" 6 6 5 3 nan nan
1128.252 "C I*" 6 6 3 1 0.0009358 8.58
1128.287 "C I*" 6 6 3 3 0.0007018 8.46
1128.408 "C I*" 6 6 3 5 0.00117 8.68
1128.477 "C I" 6 6 1 3 0.0008912 8.56
1128.483 FeII 26 "25 1" "0 1" 0 3.79e-08 3.14
1128.631 "C I**" 6 6 5 3 0.0007016 8.46
1128.6859 "C I*" 6 6 3 3 0.002837 9.07
1128.752 "C I**" 6 6 5 5 0.002105 8.94
1128.8166 "C I*" 6 6 3 5 0.0009181 8.58
1128.9026 "C I**" 6 6 5 7 0.0002404 7.99
1129.0299 "C I**" 6 6 5 3 nan nan
1129.0777 "C I*" 6 6 3 5 0.0003005 8.09
1129.141 "C I**" 6 6 5 7 0.001589 8.81
1129.1607 "C I**" 6 6 5 5 5.509e-05 7.35
1129.19 "V III" 23 21 4 4 0.00102 4.08
1129.193 "C I" 6 6 1 3 0.004898 9.3
1129.302 XeI 54 54 1 3 0.00252 2.68
1129.3175 "C I" 6 6 1 3 0.0007211 8.47
1129.402 "C I*" 6 6 3 3 0.0007636 8.5
1129.4221 "C I**" 6 6 5 5 0.0005408 8.35
1129.5267 "C I*" 6 6 3 3 0.0001802 7.87
1129.5943 "C I*" 6 6 3 1 0.0002403 7.99
1129.624 "C I*" 6 6 3 5 0.00121 8.7
1129.747 "C I**" 6 6 5 3 6.472e-06 6.42
1129.8712 "C I**" 6 6 5 3 0.0001802 7.87
1129.927 "C I**" 6 6 5 7 0.0004688 8.27
1129.969 "C I**" 6 6 5 5 3.724e-06 6.18
1130.1706 "C I*" 6 6 3 5 1.327e-05 6.74
1130.5155 "C I**" 6 6 5 5 2.405e-05 6.99
1132.8528 ClI 17 17 4 2 1.41e-05 3.47
1133.665 FeII 26 "25 1" 0 8 0.006 8.34
1133.9341 ClI 17 17 4 4 5.21e-05 4.04
1134.1653 "N I" 7 7 4 2 0.00385 8.69
1134.4149 "N I" 7 7 4 4 0.0077 8.99
1134.9803 "N I" 7 7 4 6 0.0116 9.17
1135.331 ClI 17 17 4 6 2.11e-05 3.65
1137.904 "V III" 23 21 4 6 0.000566 3.83
1138.384 "C I" 6 6 1 3 0.001945 8.91
1138.557 "C I*" 6 6 3 1 0.0006483 8.43
1138.5609 "C I" 6 6 1 3 0.001202 8.7
1138.597 "C I*" 6 6 3 3 0.0004862 8.3
1138.7428 "C I*" 6 6 3 5 0.0008102 8.53
1138.7736 "C I*" 6 6 3 3 1.489e-07 4.79
1138.947 "C I**" 6 6 5 3 0.0004861 8.3
1139.0867 "C I" 6 6 1 3 0.0006918 8.46
1139.0931 "C I**" 6 6 5 5 0.001458 8.78
1139.1238 "C I**" 6 6 5 3 4.477e-05 7.27
1139.2995 "C I*" 6 6 3 3 nan nan
1139.4255 "C I**" 6 6 5 7 0.0004179 8.24
1139.5143 "C I*" 6 6 3 5 0.01047 9.64
1139.6501 "C I**" 6 6 5 3 nan nan
1139.7657 "C I*" 6 6 3 5 0.0007311 8.48
1139.793 "C I" 6 6 1 3 0.01396 9.76
1139.812 "C I**" 6 6 5 7 0.01172 9.69
1139.865 "C I**" 6 6 5 5 0.002093 8.94
1140.006 "C I*" 6 6 3 3 0.003488 9.16
1140.0096 "C I" 6 6 1 3 0.001754 8.86
1140.1166 "C I**" 6 6 5 5 0.001316 8.74
1140.2228 "C I*" 6 6 3 3 0.0004384 8.26
1140.3163 "C I*" 6 6 3 1 0.0005846 8.38
1140.357 "C I**" 6 6 5 3 0.0001396 7.76
1140.3573 "C I*" 6 6 3 5 0.002152 8.95
1140.5739 "C I**" 6 6 5 3 0.0004383 8.26
1140.6413 "C I**" 6 6 5 7 0.0008532 8.55
1140.7086 "C I**" 6 6 5 5 2.461e-05 7.01
1141.3265 "C I*" 6 6 3 5 2.588e-05 7.03
1141.6783 "C I**" 6 6 5 5 4.276e-05 7.25
1142.3656 FeII 26 "25 1" 0 8 0.005 8.27
1143.226 FeII 26 "25 1" "0 1" 0 0.0133 8.69
1144.9379 FeII 26 "25 1" "0 1" 2 0.105 9.59
1147.941 CoII 27 26 9 9 0.000245 4.36
1149.672 CoII 27 26 9 7 7.17e-05 3.83
1150.245 "V III" 23 21 4 6 0.0234 5.45
1150.261 MnII 25 24 7 5 8.85e-06 3.54
1150.3555 FeII 26 "25 1" 0 8 1.26e-06 4.67
1150.779 MnII 25 24 7 7 2.51e-05 3.99
1151.207 "B I" 5 5 2 4 0.0194 4.23
1151.281 "B I" 5 5 2 2 0.0388 4.53
1152.818 "P II" 15 14 1 3 0.236 8.0
1153.179 "V III" 23 21 4 4 0.103 6.09
1153.9951 "P II**" 15 14 5 5 0.186 7.89
1155.8092 "C I" 6 6 1 3 0.00304 9.11
1155.979 "C I*" 6 6 3 1 0.0046 9.29
1155.99 "S I" 16 16 5 5 0.0146 8.5
1156.0283 "C I*" 6 6 3 3 0.00345 9.16
1156.1842 "C I" 6 6 1 3 2.818e-05 7.07
1156.199 "C I*" 6 6 3 5 0.007183 9.48
1156.26 "S I" 16 16 5 3 0.00487 8.02
1156.273 M91(X) -1 "" "" -1 nan 7.5
1156.3893 "C I**" 6 6 5 3 0.004309 9.26
1156.4035 "C I*" 6 6 3 3 0.001559 8.82
1156.5601 "C I**" 6 6 5 5 0.01293 9.74
1156.7646 "C I**" 6 6 5 3 0.0005141 8.33
1157.1857 "C I" 6 6 1 3 0.0005495 8.36
1157.3299 "C I**" 6 6 5 7 0.0006472 8.43
1157.4054 "C I*" 6 6 3 3 0.0008972 8.58
1157.7672 "C I**" 6 6 5 3 nan nan
1157.7695 "C I*" 6 6 3 5 0.00571 9.38
1157.9097 "C I" 6 6 1 3 0.00763 9.51
1158.0186 "C I**" 6 6 5 7 0.00641 9.43
1158.0347 "C I*" 6 6 3 5 0.001426 8.78
1158.1296 "C I*" 6 6 3 3 0.0019 8.9
1158.1315 "C I**" 6 6 5 5 0.003266 9.14
1158.324 "C I" 6 6 1 3 0.00583 9.39
1158.3969 "C I**" 6 6 5 5 0.002565 9.03
1158.4919 "C I**" 6 6 5 3 0.0002178 7.96
1158.5441 "C I*" 6 6 3 3 0.000855 8.56
1158.6742 "C I*" 6 6 3 1 0.00114 8.68
1158.7319 "C I*" 6 6 3 5 0.001875 8.9
1158.9066 "C I**" 6 6 5 3 0.0008547 8.56
1158.9666 "C I**" 6 6 5 7 0.001262 8.73
1159.0945 "C I**" 6 6 5 5 3.991e-05 7.23
1159.37 M91(X) -1 "" "" -1 nan 7.0
1159.817 "N I" 7 7 4 4 8.51e-06 6.04
1160.5129 "C I*" 6 6 3 5 5.928e-05 7.4
1160.8766 "C I**" 6 6 5 5 8.148e-05 7.54
1160.937 "N I" 7 7 4 2 2.41e-06 5.5
1162.015 MnII 25 24 7 9 0.0102 6.6
1162.203 "F V" 9 5 2 4 5.27e-08 0.27
1162.8 ClV 17 13 2 2 5e-05 4.03
1162.8 ClV 17 13 2 4 3.88e-06 2.92
1163.326 MnII 25 24 7 7 0.00752 6.47
1164.208 MnII 25 24 7 5 0.0047 6.27
1165.634 "F V" 9 5 2 2 9.7e-07 1.53
1167.148 ClI 17 17 4 2 0.00957 6.32
1169.262 "V III" 23 21 4 6 0.0192 5.37
1170.405 XeI 54 54 1 3 0.0986 4.29
1187.417 CoII 27 26 9 7 0.0124 6.08
1188.49 CoII 27 26 9 9 0.00407 5.59
1188.7515 ClI 17 17 4 4 0.00547 6.08
1188.7742 ClI 17 17 4 6 0.0728 7.21
1188.8332 "C I" 6 6 1 3 0.01676 9.86
1188.9925 "C I*" 6 6 3 1 0.005586 9.38
1189.028 GeIV 32 29 2 4 0.53 6.43
1189.065 "C I*" 6 6 3 3 0.004189 9.26
1189.2487 "C I*" 6 6 3 5 0.006981 9.48
1189.4469 "C I**" 6 6 5 3 0.00459 9.3
1189.6307 "C I**" 6 6 5 5 0.0138 9.78
1190.0207 "C I" 6 6 1 3 0.003802 9.13
1190.191 "S III" 16 14 1 3 0.0253 8.75
1190.253 "C I*" 6 6 3 3 0.0006066 8.42
1190.4158 SiII 14 13 2 4 0.293 10.09
1190.6357 "C I**" 6 6 5 3 0.0007262 8.5
1191.838 "C I**" 6 6 5 7 5.637e-07 5.39
1192.04 XeI 54 54 1 3 0.396 4.9
1192.213 CoII 27 26 "9 1" 1 0.000104 4.0
1192.2175 "C I" 6 6 1 3 0.000877 8.58
1192.43 CoII 27 26 9 7 5.67e-05 3.74
1192.4507 "C I*" 6 6 3 3 0.002103 8.96
1192.8347 "C I**" 6 6 5 3 nan nan
1193.0088 "C I*" 6 6 3 5 0.0468 10.31
1193.0308 "C I" 6 6 1 3 0.0623 10.43
1193.2401 "C I**" 6 6 5 7 0.03735 10.21
1193.2643 "C I*" 6 6 3 3 0.01111 9.68
1193.2897 SiII 14 13 2 2 0.584 10.39
1193.362 TiIII 22 20 5 3 0.000156 4.2
1193.3932 "C I**" 6 6 5 5 0.006668 9.46
1193.6489 "C I**" 6 6 5 3 0.0004448 8.29
1193.6787 "C I*" 6 6 3 5 0.009 9.59
1193.9955 "C I" 6 6 1 3 0.0075 9.51
1194.061 "S III*" 16 14 3 5 0.01658 8.57
1194.0635 "C I**" 6 6 5 5 0.007055 9.49
1194.2293 "C I*" 6 6 3 3 0.002351 9.01
1194.3009 "C I*" 6 6 3 5 3.74e-06 6.21
1194.4055 "C I*" 6 6 3 1 0.003135 9.13
1194.4882 "C I**" 6 6 5 7 9.142e-06 6.6
1194.5002 SiII* 14 13 "" -1 0.623 10.42
1194.6145 "C I**" 6 6 5 3 0.002351 9.01
1194.6862 "C I**" 6 6 5 5 3.639e-07 5.2
1197.184 MnII 25 24 7 9 0.157 7.8
1197.3938 SiII* 14 13 "" -1 0.124 9.72
1197.8742 "C I*" 6 6 3 5 3.827e-09 3.22
1198.2618 "C I**" 6 6 5 5 9.796e-06 6.63
1199.061 CoII 27 26 9 9 0.000333 4.51
1199.134 "S V" 16 12 1 3 0.000106 6.37
1199.391 MnII 25 24 7 7 0.106 7.63
1199.5496 "N I" 7 7 4 6 0.163 10.34
1200.2233 "N I" 7 7 4 4 0.108 10.16
1200.7098 "N I" 7 7 4 2 0.0541 9.86
1200.97 "S III**" 16 14 5 7 0.01846 8.62
1201.118 MnII 25 24 7 5 0.0881 7.55
1201.729 "S III**" 16 14 5 5 0.003294 7.87
1203.124 TiIII 22 20 5 7 1.23e-05 3.1
1203.217 CoII 27 26 9 7 3.22e-05 3.5
1203.79 MnII 25 24 7 5 0.000154 4.8
1205.749 MnII 25 24 7 7 5.73e-05 4.37
1206.014 MnII 25 24 7 5 8.11e-05 4.52
1206.5 SiIII 14 12 1 3 1.68 10.86
1207.05 FeIII 26 24 9 9 4.42e-06 5.24
1207.281 MnII 25 24 7 9 9.31e-07 2.58
1208.674 MnII 25 24 7 5 0.000143 4.77
1209.006 MnII 25 24 7 7 0.000553 5.36
1210.576 MnII 25 24 7 9 0.000942 5.59
1213.305 MnII 25 24 7 7 4.73e-08 1.29
1214.281 "S I" 16 16 5 3 1.99e-05 5.65
1214.295 "S I" 16 16 5 5 0.000299 6.83
1214.318 "S I" 16 16 5 7 0.00168 7.58
1214.562 FeIII 26 24 9 7 0.000427 7.22
1215.3376 "D I" 1 1 2 4 0.2777 10.23
1215.343 "D I" 1 1 2 2 0.1388 9.93
1215.6683 "H I" 1 1 2 4 0.2776 14.53
1215.6737 "H I" 1 1 2 2 0.1388 14.23
1216.45 "S I" 16 16 5 3 0.000232 6.72
1217.843 "P I" 15 15 4 6 0.00658 6.47
1218.344 "O V" 8 4 1 3 1.48e-06 6.19
1218.514 "S I" 16 16 5 3 1.81e-05 5.61
1218.571 "S I" 16 16 5 5 0.000272 6.79
1218.595 "S I" 16 16 5 7 0.00152 7.54
1218.704 MnII 25 24 7 5 9.98e-06 3.62
1218.745 MnII 25 24 7 7 3.24e-05 4.13
1219.604 MnII 25 24 7 9 0.000147 4.78
1221.753 "S I" 16 16 5 3 0.000355 6.91
1224.4709 "S I" 16 16 5 3 1.27e-05 5.46
1224.5056 "S I" 16 16 5 5 0.000191 6.64
1224.544 "S I" 16 16 5 7 0.00107 7.39
1226.7 CaII 20 19 2 4 0.00109 6.47
1226.742 "P I" 15 15 4 2 0.00643 6.47
1227.0 CaII 20 19 2 2 0.000549 6.17
1229.608 "S I" 16 16 5 3 0.000577 7.12
1229.84 GeIV 32 29 2 2 0.256 6.13
1233.2787 "S I" 16 16 5 3 4.17e-06 4.98
1233.3124 "S I" 16 16 5 5 6.26e-05 6.16
1233.3454 "S I" 16 16 5 7 0.000351 6.91
1234.195 TiIII 22 20 5 5 4.22e-05 3.65
1235.495 TiIII 22 20 5 3 0.000167 4.24
1237.0589 GeII 32 31 2 4 0.0876 5.66
1238.821 "N V" 7 3 2 4 0.157 10.34
1239.9253 MgII 12 11 2 4 0.000372 7.24
1240.3947 MgII 12 11 2 2 0.000185 6.94
1241.905 "S I" 16 16 5 3 0.00102 7.37
1242.804 "N V" 7 3 2 2 0.078 10.04
1247.1067 "S I" 16 16 5 3 8.86e-07 4.31
1247.1342 "S I" 16 16 5 5 1.33e-05 5.49
1247.1602 "S I" 16 16 5 7 7.44e-05 6.24
1250.199 XeI 54 54 1 3 0.00984 3.32
1250.578 "S II" 16 15 4 2 0.0052 8.08
1252.771 NiII 28 27 6 8 0.000417 5.97
1253.805 "S II" 16 15 4 4 0.0103 8.38
1255.272 SiI 14 14 1 3 0.289 10.11
1259.518 "S II" 16 15 4 6 0.0155 8.56
1260.4221 SiII 14 13 2 4 1.18 10.72
1260.533 FeII 26 "25 1" 0 8 0.025 9.01
1260.7355 "C I" 6 6 1 3 0.03937 10.26
1260.9266 "C I*" 6 6 3 1 0.01312 9.78
1260.9962 "C I*" 6 6 3 3 0.00984 9.65
1261.1223 "C I*" 6 6 3 5 0.0164 9.88
1261.4257 "C I**" 6 6 5 3 0.009837 9.65
1261.5519 "C I**" 6 6 5 5 0.02951 10.13
1262.8599 "S I" 16 16 5 3 0.002 7.67
1264.7377 SiII* 14 13 "" -1 0.903 10.61
1265.002 SiII* 14 13 "" -1 0.1 9.65
1270.1434 "C I" 6 6 1 3 0.000428 8.3
1270.408 "C I*" 6 6 3 3 0.000206 7.98
1270.7686 "S I" 16 16 5 3 4.14e-05 5.99
1270.7804 "S I" 16 16 5 7 0.00347 7.91
1270.7874 "S I" 16 16 5 5 0.000621 7.17
1270.8439 "C I**" 6 6 5 3 1.063e-06 5.69
1274.109 "C I**" 6 6 5 7 0.000539 8.4
1276.4825 "C I" 6 6 1 3 0.00168 8.89
1276.7498 "C I*" 6 6 3 3 0.00239 9.04
1277.1901 "C I**" 6 6 5 3 0.0003406 8.2
1277.2454 "C I" 6 6 1 3 0.09665 10.65
1277.2823 "C I*" 6 6 3 5 0.07249 10.53
1277.513 "C I*" 6 6 3 3 0.02416 10.05
1277.5496 "C I**" 6 6 5 7 0.08117 10.58
1277.7229 "C I**" 6 6 5 5 0.01449 9.83
1277.9538 "C I**" 6 6 5 3 0.0009668 8.65
1279.0558 "C I*" 6 6 3 5 0.00202 8.97
1279.2286 "C I**" 6 6 5 7 0.00324 9.18
1279.4977 "C I**" 6 6 5 5 0.000903 8.62
1279.8904 "C I*" 6 6 3 5 0.01367 9.8
1280.1353 "C I" 6 6 1 3 0.02432 10.05
1280.3328 "C I**" 6 6 5 5 0.01466 9.83
1280.4042 "C I*" 6 6 3 3 0.004384 9.31
1280.597 "C I*" 6 6 3 1 0.006837 9.5
1280.847 "C I**" 6 6 5 3 0.005047 9.37
1283.881 "P I" 15 15 4 4 0.00847 6.61
1286.233 TiIII 22 20 5 7 0.000991 5.04
1286.444 "P I" 15 15 4 6 0.00791 6.58
1287.6075 "C I*" 6 6 3 5 0.000166 7.89
1288.0553 "C I**" 6 6 5 5 1.412e-05 6.82
1291.582 TiIII 22 20 5 7 0.00604 5.82
1291.625 TiIII 22 20 5 5 3.03e-05 3.52
1295.56 XeI 54 54 1 3 0.189 4.62
1295.6531 "S I" 16 16 5 5 0.0836 9.3
1295.884 TiIII 22 20 5 5 0.0668 6.87
1296.1739 "S I" 16 16 5 3 0.0278 8.83
1298.697 TiIII 22 20 5 3 0.0951 7.02
1301.874 "P II" 15 14 1 3 0.0173 6.92
1302.1685 "O I" 8 8 5 3 0.0504 10.75
1303.43 "S I" 16 16 5 3 0.0046 8.05
1304.3702 SiII 14 13 2 2 0.0871 9.61
1304.8576 "O I*" 8 8 "" -1 0.0488 10.75
1306.029 "O I**" 8 8 "" -1 0.0488 10.75
1308.866 NiII 28 27 6 6 0.00541 7.1
1309.2757 SiII* 14 13 "" -1 0.101 9.67
1314.994 "P I" 15 15 4 6 0.0144 6.85
1316.5425 "S I" 16 16 5 7 0.0226 8.74
1316.615 "S I" 16 16 5 5 0.00403 7.99
1316.6219 "S I" 16 16 5 3 0.000269 6.82
1317.217 NiII 28 27 6 8 0.146 8.53
1318.684 "P I" 15 15 4 6 0.00705 6.54
1319.022 "P I" 15 15 4 2 0.00658 6.51
1321.421 "P I" 15 15 4 4 0.0006 5.47
1328.8333 "C I" 6 6 1 3 0.05804 10.45
1329.0853 "C I*" 6 6 3 1 0.01934 9.97
1329.1004 "C I*" 6 6 3 5 0.02418 10.07
1329.1233 "C I*" 6 6 3 3 0.01451 9.85
1329.5775 "C I**" 6 6 5 5 0.04351 10.32
1329.6005 "C I**" 6 6 5 3 0.0145 9.85
1329.819 TiIII 22 20 5 5 0.00281 5.5
1334.5323 "C II" 6 5 2 4 0.127 10.79
1334.813 "P III" 15 13 2 4 0.0253 7.1
1335.6627 "C II*" 6 5 "" -1 0.0128 9.79
1335.7077 "C II*" 6 5 "" -1 0.115 10.75
1335.7258 ClI 17 17 4 2 0.0248 6.79
1341.8901 CaII 20 19 2 4 0.00147 6.64
1342.5536 CaII 20 19 2 2 0.000732 6.33
1344.5 CoII 27 26 "9 1" 1 0.000146 4.2
1345.878 NiII 28 27 6 4 0.00643 7.19
1347.2396 ClI 17 17 4 4 0.119 7.47
1355.5977 "O I" 8 8 5 5 1.25e-06 6.16
1358.773 CuII 29 28 1 3 0.38 6.98
1362.461 "B II" 5 4 1 3 1.01 6.02
1367.106 CoII 27 26 9 9 8.12e-05 3.96
1367.9509 CuII 29 28 1 3 0.0332 5.93
1369.5601 FeII 26 "25 1" 0 8 1.06e-07 3.67
1370.132 NiII 28 27 6 4 0.131 8.5
1373.1164 ClI 17 17 4 2 6.87e-05 4.24
1373.4905 "P I" 15 15 4 6 0.0134 6.83
1376.4269 FeII 26 "25 1" 0 8 1.23e-07 3.74
1377.073 "P I" 15 15 4 2 0.0173 6.95
1377.9343 "P I" 15 15 4 4 0.00995 6.71
1378.638 CoII 27 26 9 7 0.000339 4.58
1378.654 "B I" 5 5 2 4 0.195 5.31
1378.875 "B I" 5 5 2 2 0.39 5.61
1379.4282 "P I" 15 15 4 4 0.0425 7.34
1379.5279 ClI 17 17 4 4 0.00284 5.86
1381.476 "P I" 15 15 4 6 0.0791 7.61
1381.5527 "S I" 16 16 5 3 0.000127 6.51
1381.6353 "P I" 15 15 4 2 0.00535 6.44
1381.685 NiII 28 27 6 4 0.00508 7.1
1388.4358 "S I" 16 16 5 5 0.000381 6.99
1389.6925 ClI 17 17 4 6 0.000109 4.45
1393.324 NiII 28 27 6 6 0.0222 7.74
1393.755 SiIV 14 11 2 4 0.524 10.41
1393.804 BeI 4 4 1 3 0.000442 1.21
1394.638 CoII 27 26 "9 1" 1 0.000112 4.1
1397.232 "O IV" 8 5 2 4 3.4e-08 4.61
1398.05 "S IV" 16 13 2 4 3.77e-07 3.99
1399.78 "O IV" 8 5 2 2 6.1e-07 5.86
1401.5142 "S I" 16 16 5 3 0.0142 8.57
1402.77 SiIV 14 11 2 2 0.26 10.11
1404.8 "S IV" 16 13 2 2 7.97e-06 5.32
1412.866 NiII 28 27 6 8 0.00665 7.22
1414.292 NiII 28 27 6 4 0.0024 6.78
1414.402 GaII 31 30 1 3 1.8 6.54
1415.72 NiII 28 27 6 6 0.00413 7.02
1419.287 CoII 27 26 9 7 0.000326 4.58
1424.779 CoII 27 26 9 9 0.0176 6.31
1425.0299 "S I" 16 16 5 7 0.121 9.51
1425.1877 "S I" 16 16 5 5 0.0216 8.76
1425.2189 "S I" 16 16 5 3 0.00144 7.58
1426.117 BeI 4 4 1 3 0.000357 1.13
1441.823 CoII 27 26 9 7 8.55e-07 2.0
1444.296 "S I" 16 16 5 5 0.000813 7.34
1448.011 CoII 27 26 9 7 0.0452 6.73
1449.997 NiII 28 27 6 4 0.00353 6.96
1452.566 CoII 27 26 9 9 0.00299 5.55
1454.842 NiII 28 27 6 6 0.0595 8.19
1466.203 CoII 27 26 "9 1" 1 0.14 7.22
1467.259 NiII 28 27 6 4 0.0111 7.46
1467.427 "P IV" 15 12 1 3 6.05e-05 4.52
1467.756 NiII 28 27 6 8 0.0227 7.77
1469.621 XeI 54 54 1 3 0.272 4.83
1472.395 CuII 29 28 1 3 0.00838 5.36
1472.9706 "S I" 16 16 5 7 0.0191 8.72
1473.9943 "S I" 16 16 5 7 0.0344 8.98
1474.3785 "S I" 16 16 5 5 0.00614 8.23
1474.5706 "S I" 16 16 5 3 0.000409 7.05
1477.222 NiII 28 27 6 6 0.00106 6.44
1480.951 CoII 27 26 9 7 0.0463 6.75
1481.1231 FeII 26 "25 1" "0 1" 2 8.09e-08 3.59
1486.496 "N IV" 7 4 1 3 5.74e-07 4.98
1488.452 BrI 35 35 4 4 0.0399 4.4
1491.765 BeI 4 4 1 3 0.0013 1.71
1492.954 MnI 25 25 6 8 0.0594 7.48
1495.045 GaIII 31 29 2 4 0.543 6.04
1501.959 NiII 28 27 6 4 0.000769 6.31
1502.148 NiII 28 27 6 6 0.0133 7.55
1504.5846 FeII 26 "25 1" "0 1" 2 9.84e-08 3.68
1506.5395 FeII 26 "25 1" 0 8 3.18e-07 4.19
1514.743 CoII 27 26 9 7 0.00151 5.27
1514.8589 FeII 26 "25 1" "0 1" 0 6.86e-06 5.53
1516.7295 FeII 26 "25 1" 0 8 9.53e-08 3.67
1519.246 "B I" 5 5 2 4 0.00427 3.69
1522.1618 FeII 26 "25 1" "0 1" 0 5.64e-06 5.44
1524.17 "B I" 5 5 2 2 0.0102 4.07
1524.8542 FeII 26 "25 1" "0 1" 2 1.61e-07 3.9
1525.281 "B I" 5 5 2 4 0.0059 3.83
1526.7066 SiII 14 13 2 2 0.132 9.85
1529.9036 FeII 26 "25 1" "0 1" 2 1.11e-07 3.74
1532.094 "B I" 5 5 2 2 0.0151 4.24
1532.533 "P II" 15 14 1 3 0.00761 6.64
1533.4312 SiII* 14 13 "" -1 0.229 10.1
1533.806 "B I" 5 5 2 4 0.00846 3.99
1534.333 CoII 27 26 9 7 0.000457 4.76
1534.462 GaIII 31 29 2 2 0.265 5.74
1534.821 CoII 27 26 9 9 0.00201 5.4
1539.468 CoII 27 26 "9 1" 1 0.00256 5.51
1539.738 SiI 14 14 1 3 0.000424 7.36
1540.354 SiI 14 14 1 3 0.0108 8.77
1540.654 BrI 35 35 4 4 0.0498 4.51
1542.432 SiI 14 14 1 3 0.00634 8.54
1542.4495 FeII 26 "25 1" "0 1" 0 1.99e-07 4.0
1543.398 "B I" 5 5 2 2 0.01 4.07
1545.612 SiI 14 14 1 3 0.00885 8.69
1546.423 "B I" 5 5 2 4 0.0128 4.18
1546.674 SiI 14 14 1 3 0.0149 8.91
1547.13 SiI 14 14 1 3 0.0091 8.7
1547.946 CoII 27 26 "9 1" 1 0.0245 6.49
1548.195 "C IV" 6 3 2 4 0.19 11.03
1550.77 "C IV" 6 3 2 2 0.0952 10.73
1552.022 SiI 14 14 1 3 0.000421 7.37
1552.76 CoII 27 26 9 9 0.015 6.28
1552.948 SiI 14 14 1 3 0.0129 8.85
1553.754 CoII 27 26 9 7 0.00879 6.05
1554.296 SiI 14 14 1 3 0.0767 9.63
1555.514 SiI 14 14 1 3 0.0212 9.07
1555.5403 FeII 26 "25 1" 0 8 2.15e-06 5.03
1558.701 "B I" 5 5 2 2 0.00736 3.94
1560.3092 "C I" 6 6 1 3 0.08041 10.66
1560.406 SiI 14 14 1 3 0.0119 8.82
1560.6822 "C I*" 6 6 3 5 0.0603 10.53
1560.709 "C I*" 6 6 3 3 0.0201 10.06
1561.3402 "C I**" 6 6 5 5 0.01205 9.84
1561.3667 "C I**" 6 6 5 3 0.0008042 8.66
1561.4384 "C I**" 6 6 5 7 0.0675 10.58
1561.5024 FeII 26 "25 1" 0 8 1.37e-06 4.84
1562.002 SiI 14 14 1 3 0.376 10.32
1563.7512 FeII 26 "25 1" "0 1" 0 2.76e-06 5.15
1565.5255 FeII 26 "25 1" "0 1" 2 1.72e-05 5.94
1566.286 "B I" 5 5 2 4 0.0206 4.39
1566.303 SiI 14 14 1 3 0.0063 8.54
1567.573 CoII 27 26 9 9 0.00885 6.05
1568.618 SiI 14 14 1 3 0.0318 9.25
1572.648 CoII 27 26 9 7 0.0251 6.51
1572.718 SiI 14 14 1 3 0.0112 8.8
1573.301 "B I" 5 5 2 2 0.0164 4.29
1574.545 CoII 27 26 9 9 0.0801 7.01
1576.387 BrI 35 35 4 6 0.00117 2.9
1578.669 CoII 27 26 9 7 0.000384 4.69
1579.613 CoII 27 26 "9 1" 1 0.00214 5.44
1584.852 SiI 14 14 1 3 0.0183 9.01
1588.6876 FeII 26 "25 1" 0 8 0.000124 6.8
1589.173 SiI 14 14 1 3 0.0503 9.45
1589.561 ZnI 30 30 1 3 0.122 6.94
1595.8573 FeII 26 "25 1" "0 1" 2 1.5e-07 3.89
1598.001 ScIII 21 19 4 4 0.0175 4.54
1600.373 "B I" 5 5 2 4 0.0363 4.64
1600.455 "B I" 5 5 2 2 0.00675 3.91
1602.4863 GeII 32 31 2 2 0.135 5.97
1604.5587 FeII 26 "25 1" 0 8 8.4e-06 5.64
1608.4511 FeII 26 "25 1" 0 8 0.0619 9.51
1608.8005 FeII 26 "25 1" "0 1" 0 6.65e-08 3.54
1610.194 ScIII 21 19 4 2 0.0866 5.23
1610.7441 FeII 26 "25 1" "0 1" 0 1.02e-07 3.73
1611.2005 FeII 26 "25 1" 0 8 0.000222 7.06
1613.3763 "C I" 6 6 1 3 5.55e-05 7.51
1614.566 SiI 14 14 1 3 0.0293 9.22
1620.0608 FeII 26 "25 1" 0 8 2.4e-05 6.1
1621.6856 "Fe II*" 26 25 8 6 0.0608 9.5
1623.7136 FeII 26 "25 1" "0 1" 2 1.1e-07 3.76
1625.6823 FeII 26 "25 1" "0 1" 0 3.03e-08 3.2
1625.7051 SiI 14 14 1 3 0.0851 9.69
1628.971 CoII 27 26 9 9 9.93e-05 4.12
1630.36 BaII 56 55 2 2 0.000677 2.25
1631.1705 SiI 14 14 1 3 0.205 10.07
1635.1402 FeII 26 "25 1" 0 8 4.58e-08 3.38
1639.628 FeII 26 "25 1" "0 1" 0 6.47e-08 3.54
1642.3706 FeII 26 "25 1" "0 1" 2 2.55e-07 4.13
1649.8579 CaII 20 19 2 4 0.000579 6.32
1651.1636 MgI 12 12 1 3 0.000777 7.69
1651.9909 CaII 20 19 2 2 0.00029 6.02
1656.2672 "C I*" 6 6 3 5 0.05857 10.55
1656.9283 "C I" 6 6 1 3 0.1405 10.93
1657.0082 "C I**" 6 6 5 5 0.1054 10.8
1657.3792 "C I*" 6 6 3 3 0.03512 10.33
1657.9068 "C I*" 6 6 3 1 0.04681 10.45
1658.1212 "C I**" 6 6 5 3 0.03511 10.33
1658.3115 MgI 12 12 1 3 0.00111 7.84
1661.478 BeI 4 4 1 3 0.0156 2.83
1662.608 "B I" 5 5 2 2 0.00829 4.02
1666.3762 SiI 14 14 1 3 0.0346 9.31
1666.85 "B I" 5 5 2 4 0.0732 4.97
1668.4288 MgI 12 12 1 3 0.00167 8.03
1670.7874 AlII 13 12 1 3 1.81 9.96
1671.6713 "P I" 15 15 4 2 0.00824 6.71
1674.5953 "P I" 15 15 4 4 0.0165 7.01
1679.6969 "P I" 15 15 4 6 0.0246 7.19
1683.4116 MgI 12 12 1 3 0.00271 8.24
1693.2935 SiI 14 14 1 3 0.156 9.97
1700.636 SiI 14 14 1 3 0.0398 9.38
1703.405 NiII 28 27 6 4 0.0122 7.57
1707.0606 MgI 12 12 1 3 0.00485 8.5
1709.6 NiII 28 27 6 6 0.0688 8.32
1741.549 NiII 28 27 6 6 0.104 8.51
1746.823 "N III" 7 5 2 4 8.19e-09 3.21
1747.7937 MgI 12 12 1 3 0.0102 8.83
1748.646 "N III" 7 5 2 2 1.55e-07 4.48
1750.517 "P III" 15 13 2 4 1.32e-06 2.93
1751.91 NiII 28 27 6 8 0.0638 8.3
1756.8 "P III" 15 13 2 2 1.58e-05 4.01
1762.892 AlI 13 13 2 4 0.266 9.15
1763.6607 SiI 14 14 1 3 0.0121 8.88
1765.632 AlI 13 13 2 2 0.531 9.45
1772.28 NiII 28 27 6 4 9.08e-05 5.46
1773.949 NiII 28 27 6 8 0.00622 7.29
1774.9487 "P I" 15 15 4 6 0.154 8.01
1782.758 "I I" 53 53 4 4 0.129 3.87
1782.8291 "P I" 15 15 4 4 0.102 7.83
1783.318 NiII 28 27 6 6 0.00117 6.57
1787.6481 "P I" 15 15 4 2 0.0511 7.53
1804.473 NiII 28 27 6 8 0.00716 7.36
1807.3113 "S I" 16 16 5 3 0.0845 9.45
1808.0126 SiII 14 13 2 4 0.00208 8.13
1816.9285 SiII* 14 13 "" -1 0.00165 8.03
1817.4512 SiII* 14 13 "" -1 0.000128 6.92
1817.564 NiII 28 27 6 6 0.000152 5.69
1817.843 "B I" 5 5 2 2 0.0156 4.33
1822.4553 SiI 14 14 1 3 0.00631 8.61
1825.896 "B I" 5 5 2 4 0.175 5.38
1827.9351 MgI 12 12 1 3 0.0283 9.29
1830.38 "I I" 53 53 4 6 0.0121 2.86
1841.1521 SiI 14 14 1 3 0.0291 9.28
1842.889 NiII 28 27 6 8 0.000883 6.46
1845.5202 SiI 14 14 1 3 0.271 10.25
1851.3804 FeI 26 26 "9 1" 1 0.00158 7.98
1851.688 FeI 26 26 9 7 0.0222 9.12
1854.7164 AlIII 13 11 2 4 0.575 9.51
1859.2635 FeI 26 26 9 7 0.00315 8.28
1862.7895 AlIII 13 11 2 2 0.286 9.21
1864.467 NiII 28 27 6 4 3.07e-06 4.01
1865.3093 FeI 26 26 9 9 0.00874 8.72
1873.0576 FeI 26 26 9 9 0.0032 8.29
1883.7789 FeI 26 26 "9 1" 1 0.00527 8.51
1888.01 FeII 26 "25 1" "0 1" 0 1.15e-05 5.85
1890.42 AsI 33 33 4 6 0.161 4.85
1892.03 SiIII 14 12 1 3 2.69e-05 6.26
1896.15 NiII 28 27 6 6 0.000905 6.48
1900.021 TiII 22 21 4 6 0.000446 4.86
1900.2866 "S I" 16 16 5 5 3.57e-05 6.1
1901.773 FeII 26 "25 1" 0 8 0.000101 6.79
1905.774 TiII 22 21 4 6 0.0161 6.42
1906.239 TiII 22 21 4 4 0.0228 6.57
1908.734 "C III" 6 4 1 3 1.23e-07 4.93
1910.609 TiII 22 21 4 2 0.0975 7.2
1910.938 TiII 22 21 4 4 0.0706 7.06
1915.2235 FeI 26 26 9 7 0.000586 7.56
1916.4 "V II" 23 22 1 3 0.000199 3.6
1932.27 AlI 13 13 2 2 0.0781 8.66
1934.5351 FeI 26 26 9 7 0.0111 8.84
1937.2685 FeI 26 26 9 7 0.00946 8.77
1937.59 AsI 33 33 4 4 0.113 4.71
1939.569 NiII 28 27 6 8 1.93e-06 3.82
1940.451 CrI 24 24 7 9 0.0125 7.06
1940.561 CrI 24 24 7 7 0.0097 6.95
1940.64 CrI 24 24 7 5 0.00693 6.81
1941.28 CoII 27 26 9 7 0.0755 7.08
1946.988 FeI 26 26 9 7 0.00528 8.52
1949.1427 FeI 26 26 9 9 0.00179 8.05
1954.7 BiI 83 83 4 6 0.103 3.01
1960.1441 FeI 26 26 "9 1" 1 0.00284 8.26
1970.88 "V II" 23 22 1 3 0.000335 3.84
1972.62 AsI 33 33 4 2 0.0584 4.4
1977.5979 SiI 14 14 1 3 0.0539 9.58
1984.841 CoII 27 26 9 7 5.94e-05 3.98
1996.047 MnI 25 25 6 4 0.0308 7.32
1998.539 CoII 27 26 9 7 0.000372 4.78
1999.5 MnI 25 25 6 6 0.0457 7.49
1999.54 BaII 56 55 2 4 0.012 3.59
2004.49 MnI 25 25 6 8 0.0608 7.62
2011.816 CrII 24 23 6 6 1.83e-05 4.25
2012.161 CoII 27 26 9 9 0.0466 6.88
2014.27 CrII 24 23 6 8 0.000875 5.93
2017.569 CrII 24 23 6 4 2.37e-06 3.36
2021.64 BiI 83 83 4 4 0.00368 1.58
2022.67 PbI 82 82 1 3 0.00957 3.34
2024.987 CuI 29 29 2 6 0.0181 5.83
2026.136 ZnII 30 29 2 4 0.515 7.67
2026.269 CrII 24 23 6 6 0.00471 6.66
2026.407 CoII 27 26 9 9 0.0605 7.0
2026.4768 MgI 12 12 1 3 0.122 9.97
2027.264 NiI 28 28 9 7 0.0116 7.62
2040.569 CrII 24 23 6 4 0.00441 6.63
2042.3676 GeI 32 32 1 3 0.206 6.25
2053.93 PbI 82 82 1 3 0.0228 3.72
2056.254 CrII 24 23 6 8 0.14 8.14
2059.471 CoII 27 26 "9 1" 1 0.013 6.34
2061.827 AgI 47 47 2 4 0.00395 2.15
2062.234 CrII 24 23 6 6 0.105 8.02
2062.39 BiI 83 83 4 6 0.0947 3.0
2062.664 ZnII 30 29 2 2 0.253 7.37
2066.161 CrII 24 23 6 4 0.0698 7.84
2066.436 "B III" 5 3 2 4 0.243 5.58
2067.893 "B III" 5 3 2 2 0.121 5.28
2070.511 AgI 47 47 2 2 0.000964 1.54
2073.74 SnI 50 50 1 3 0.00696 3.3
2076.797 CoII 27 26 9 7 3.23e-05 3.74
2078.011 FeI 26 26 9 7 0.00187 8.1
2083.446 CaI 20 20 1 3 0.00624 7.45
2084.7848 FeI 26 26 9 7 0.0189 9.11
2086.376 FeI 26 26 9 9 0.00108 7.86
2089.559 "B I" 5 5 2 4 0.0351 4.75
2090.1082 MgI 12 12 1 3 1.47e-07 4.07
2091.719 CoII 27 26 9 9 0.000488 4.92
2098.16 CaI 20 20 1 3 0.00997 7.66
2100.5707 FeI 26 26 "9 1" 1 0.00101 7.84
2108.8053 FeI 26 26 "9 1" 1 0.00212 8.16
2110.932 BiI 83 83 4 2 0.0304 2.52
2112.114 CoII 27 26 "9 1" 1 0.00179 5.49
2118.99 AlI 13 13 2 4 0.0139 7.95
2119.346 CaI 20 20 1 3 0.0154 7.85
2122.782 "V II" 23 22 1 3 0.00111 4.39
2125.883 CoII 27 26 9 7 8.69e-05 4.18
2127.2813 FeI 26 26 "9 1" 1 0.000534 7.57
2130.335 AlI 13 13 2 4 0.02 8.11
2132.6902 FeI 26 26 9 9 0.0052 8.55
2138.827 "V II" 23 22 1 3 0.082 6.26
2139.2473 ZnI 30 30 1 3 1.46 8.14
2139.2668 FeI 26 26 9 7 0.0015 8.02
2140.3726 FeI 26 26 9 9 0.0152 9.02
2141.767 "V II" 23 22 1 3 0.00805 5.26
2142.902 AlI 13 13 2 2 0.000531 6.54
2145.083 CdII 48 47 2 4 0.386 4.68
2146.23 AlI 13 13 2 4 0.0285 8.27
2151.472 CaI 20 20 1 3 0.0203 7.98
2158.85 CoII 27 26 9 9 0.000154 4.43
2165.229 AlI 13 13 2 2 0.000802 6.72
2165.775 CuI 29 29 2 4 0.0717 6.46
2167.4533 FeI 26 26 9 7 0.15 10.02
2169.27 TlI 81 81 2 4 0.0138 2.3
2169.5069 AlI 13 13 2 4 0.0417 8.44
2170.675 PbI 82 82 1 3 0.318 4.89
2178.01 BiI 83 83 4 2 0.000924 1.01
2179.632 CuI 29 29 2 4 0.13 6.72
2182.405 CuI 29 29 2 2 0.0648 6.42
2186.9338 FeI 26 26 "9 1" 1 0.000952 7.83
2196.03 GaI 31 31 2 2 0.00137 3.61
2199.868 AlI 13 13 2 2 0.0013 6.94
2201.414 CaI 20 20 1 3 0.0188 7.96
2203.67 CoII 27 26 9 9 0.000534 4.98
2205.3555 AlI 13 13 2 4 0.0637 8.63
2208.6665 SiI 14 14 1 3 0.0522 9.61
2209.497 MnI 25 25 6 4 0.0344 7.41
2214.54 MnI 25 25 6 6 0.0544 7.61
2222.523 MnI 25 25 6 8 0.0785 7.77
2226.389 CuI 29 29 2 2 0.0342 6.15
2227.07 SrI 38 38 1 3 0.00357 3.83
2228.933 BiI 83 83 4 4 0.0663 2.88
2231.319 BiI 83 83 4 6 0.291 3.52
2234.4472 FeII 26 "25 1" 0 8 2.42e-07 4.24
2238.34 SrI 38 38 1 3 0.00518 3.99
2238.51 TlI 81 81 2 4 0.0285 2.62
2244.961 CuI 29 29 2 4 0.0018 4.88
2246.745 SnI 50 50 1 3 0.363 5.05
2249.8768 FeII 26 "25 1" 0 8 0.00251 8.26
2251.488 FeI 26 26 9 9 0.00143 8.02
2254.02 SrI 38 38 1 3 0.00845 4.21
2255.498 NiI 28 28 9 9 0.00734 7.47
2255.71 GaI 31 31 2 2 0.00236 3.86
2256.573 NiI 28 28 9 9 0.00979 7.59
2258.705 AlI 13 13 2 2 0.00233 7.2
2260.2097 FeI 26 26 "9 1" 1 0.00654 8.68
2260.7805 FeII 26 "25 1" "0 1" 0 0.00372 8.43
2264.1637 AlI 13 13 2 4 0.0978 8.83
2264.1747 FeI 26 26 9 7 0.000476 7.54
2265.719 CdII 48 47 2 2 0.231 4.48
2275.99 SrI 38 38 1 3 0.0156 4.48
2276.169 CaI 20 20 1 3 0.0108 7.73
2276.7289 FeI 26 26 9 7 0.0101 8.87
2277.281 BiI 83 83 4 4 0.0194 2.36
2288.724 CdI 48 48 1 3 1.25 5.22
2290.69 NiI 28 28 9 7 0.128 8.72
2294.91 GaI 31 31 2 4 0.0111 4.54
2298.8769 FeI 26 26 9 9 0.0245 9.26
2299.663 MnII 25 24 7 5 0.000546 5.63
2305.714 MnII 25 24 7 7 0.00124 5.99
2308.1 SrI 38 38 1 3 0.0287 4.75
2311.669 NiI 28 28 9 9 0.377 9.19
2316.61 TlI 81 81 2 2 0.00627 1.98
2320.744 NiI 28 28 "9 1" 1 0.685 9.45
2324.214 "C II" 6 5 2 4 2.77e-09 3.37
2325.403 "C II" 6 5 2 2 4.48e-08 4.58
2329.231 SiII 14 13 2 4 2.15e-08 3.25
2335.123 SiII 14 13 2 2 3.72e-06 5.49
2338.202 NiI 28 28 9 7 0.0222 7.97
2344.214 FeII 26 "25 1" 0 8 0.11 9.92
2346.259 NiI 28 28 9 7 0.143 8.78
2348.228 NiI 28 28 9 9 0.0184 7.89
2349.329 BeI 4 4 1 3 1.39 4.93
2355.04 SrI 38 38 1 3 0.0449 4.95
2359.65 LiI 3 3 2 6 0.000363 3.24
2365.453 CrI 24 24 7 9 0.00569 6.81
2365.782 CoI 27 "27 1" "0 1" 0 0.0107 6.31
2366.634 CrI 24 24 7 7 0.00462 6.72
2367.534 CrI 24 24 7 5 0.00412 6.67
2367.5905 FeII 26 "25 1" 0 8 0.00016 7.09
2367.7762 AlI 13 13 2 4 0.128 8.96
2372.014 GaI 31 31 2 2 0.00481 4.19
2372.7944 AlI 13 13 2 2 0.00486 7.54
2374.267 LiI 3 3 2 6 0.000495 3.38
2374.4612 FeII 26 "25 1" "0 1" 0 0.0282 9.34
2380.31 TlI 81 81 2 4 0.0747 3.07
2382.765 FeII 26 "25 1" "0 1" 2 0.301 10.37
2385.587 CoI 27 "27 1" 0 8 0.0166 6.51
2395.116 LiI 3 3 2 6 0.000697 3.53
2399.289 CaI 20 20 1 3 0.00154 6.91
2407.983 CoI 27 "27 1" "0 1" 2 0.38 7.87
2425.668 CoI 27 "27 1" "0 1" 0 0.282 7.75
2426.163 LiI 3 3 2 6 0.000102 2.7
2428.69 AuI 79 79 2 4 0.352 3.76
2428.832 SrI 38 38 1 3 0.0451 4.97
2442.377 CuI 29 29 2 2 0.00179 4.91
2448.451 FeI 26 26 9 7 0.00231 8.26
2450.82 GaI 31 31 2 4 0.0504 5.22
2463.3923 FeI 26 26 9 9 0.0532 9.63
2473.9041 FeI 26 26 9 9 0.00252 8.3
2473.948 BaI 56 56 1 3 0.00127 2.71
2475.809 LiI 3 3 2 6 0.00158 3.9
2475.87 IrI 77 "77 1" "0 1" 0 0.0193 3.05
2484.0205 FeI 26 26 "9 1" 1 0.557 10.65
2487.1231 FeI 26 26 9 7 0.00222 8.25
2491.452 NaI 11 11 2 6 5e-05 5.41
2492.898 CuI 29 29 2 4 0.00579 5.43
2497.5243 "B I" 5 5 2 2 0.0808 5.18
2498.727 GeI 32 32 1 3 0.0365 5.59
2500.953 BaI 56 56 1 3 0.00422 3.23
2501.8858 FeI 26 26 9 7 0.0496 9.6
2503.737 IrI 77 "77 1" "0 1" 2 0.0372 3.34
2512.89 NaI 11 11 2 2 2.6e-05 5.13
2512.911 NaI 11 11 2 4 5.2e-05 5.43
2515.0725 SiI 14 14 1 3 0.236 10.32
2522.122 CoI 27 "27 1" 0 8 0.229 7.67
2523.6084 FeI 26 26 9 9 0.279 10.36
2537.279 HgI 80 80 1 3 0.0232 2.86
2541.585 ScII 21 20 3 5 0.0042 4.12
2543.964 BaI 56 56 1 3 0.0119 3.69
2544.604 NaI 11 11 2 4 8.85e-05 5.66
2544.636 NaI 11 11 2 2 4.42e-05 5.36
2547.313 SnI 50 50 1 3 0.0613 4.33
2556.561 ScII 21 20 3 3 0.0676 5.33
2560.918 InI 49 49 2 4 0.0786 3.12
2563.08 LiI 3 3 2 6 0.00258 4.13
2563.958 ScII 21 20 3 1 0.0887 5.45
2568.7523 AlI 13 13 2 4 0.0597 8.67
2570.239 SrI 38 38 1 3 0.0157 4.54
2576.877 MnII 25 24 7 9 0.351 8.49
2580.91 TlI 81 81 2 2 0.018 2.49
2586.65 FeII 26 "25 1" 0 8 0.0646 9.73
2594.499 MnII 25 24 7 7 0.271 8.38
2594.644 NaI 11 11 2 4 0.00017 5.95
2594.695 NaI 11 11 2 2 8.52e-05 5.65
2597.413 BaI 56 56 1 3 0.0364 4.19
2600.1729 FeII 26 "25 1" "0 1" 0 0.224 10.28
2606.462 MnII 25 24 7 5 0.193 8.23
2640.499 IrI 77 "77 1" "0 1" 0 0.0491 3.48
2647.289 BaI 56 56 1 3 0.00347 3.17
2652.3577 GeI 32 32 1 3 0.269 6.48
2653.265 AlI 13 13 2 2 0.0147 8.07
2660.665 GaI 31 31 2 2 0.0127 4.66
2669.948 AlII 13 12 1 3 1.07e-05 4.94
2676.75 AuI 79 79 2 2 0.176 3.5
2681.137 NaI 11 11 2 4 0.000401 6.34
2681.23 NaI 11 11 2 2 0.000201 6.04
2683.887 "V II" 23 22 1 3 0.103 6.46
2703.434 BaI 56 56 1 3 0.00822 3.56
2706.021 "V II" 23 22 1 3 0.0137 5.59
2719.833 FeI 26 26 9 7 0.119 10.02
2722.45 CaI 20 20 1 3 0.0201 8.08
2735.623 CaI 20 20 1 3 0.00406 7.39
2740.053 BaI 56 56 1 3 0.00307 3.13
2740.525 "V II" 23 22 1 3 0.102 6.47
2741.995 LiI 3 3 2 6 0.00431 4.38
2768.74 TlI 81 81 2 4 0.29 3.72
2786.098 BaI 56 56 1 3 0.00977 3.64
2795.641 MnI 25 25 6 8 0.565 8.73
2796.352 MgII 12 11 2 4 0.629 10.83
2799.094 MnI 25 25 6 6 0.419 8.6
2801.907 MnI 25 25 6 4 0.29 8.44
2803.531 MgII 12 11 2 2 0.314 10.52
2808.0709 FeI 26 26 9 7 0.000154 7.15
2833.894 PbI 82 82 1 3 0.209 4.82
2836.2904 FeI 26 26 9 9 0.000391 7.55
2852.9642 MgI 12 12 1 3 1.73 11.27
2853.649 NaI 11 11 2 4 0.00133 6.89
2853.85 NaI 11 11 2 2 0.000664 6.59
2864.165 SnI 50 50 1 3 0.199 4.9
2875.0157 FeI 26 26 "9 1" 1 0.00141 8.12
2875.078 GaI 31 31 2 4 0.303 6.07
2913.0101 FeI 26 26 9 7 0.00328 8.49
2932.688 SrI 38 38 1 3 0.00735 4.26
2934.392 TiI 22 22 5 7 0.0174 6.64
2937.7624 FeI 26 26 9 9 0.0168 9.2
2942.851 TiI 22 22 5 5 0.135 7.53
2949.26 "Y I" 39 39 4 4 0.0456 4.35
2967.7646 FeI 26 26 "9 1" 1 0.0438 9.62
2975.46 "Y I" 39 39 4 6 0.0697 4.54
2984.4402 FeI 26 26 9 7 0.029 9.45
2984.999 NiI 28 28 9 7 0.00685 7.56
2997.81 "Y I" 39 39 4 6 0.017 3.93
3006.14 "Y I" 39 39 4 4 0.0065 3.51
3016.246 ScI 21 21 4 6 0.16 5.77
3020.02 NiI 28 28 9 7 0.00685 7.57
3021.5187 FeI 26 26 9 9 0.104 10.01
3023.356 RbI 37 37 2 4 1.13e-05 0.93
3032.859 RbI 37 37 2 4 1.36e-05 1.02
3040.24 InI 49 49 2 4 0.36 3.86
3044.435 "V I" 23 23 4 6 0.037 6.07
3045.065 RbI 37 37 2 4 2.28e-05 1.24
3054.542 "V I" 23 23 4 4 0.181 6.76
3058.292 TiII 22 21 4 6 0.00466 6.08
3061.134 RbI 37 37 2 4 2.95e-05 1.36
3067.245 TiII 22 21 4 4 0.0466 7.09
3068.623 BiI 83 83 4 2 0.146 3.36
3072.476 BaI 56 56 1 3 0.174 4.94
3073.877 TiII 22 21 4 2 0.109 7.46
3076.794 ZnI 30 30 1 3 0.00014 4.28
3082.896 RbI 37 37 2 4 4.25e-05 1.52
3083.0479 AlI 13 13 2 4 0.162 9.18
3112.95 "Y II" 39 38 1 3 0.00567 3.47
3113.466 RbI 37 37 2 4 7.27e-05 1.75
3113.948 RbI 37 37 2 2 1.89e-05 1.17
3122.515 TiII 22 21 4 6 0.00128 5.53
3124.61 RhI 45 "45 1" 0 8 0.00539 2.32
3131.327 BeII 4 3 2 4 0.333 4.44
3131.973 BeII 4 3 2 2 0.167 4.14
3133.499 MoI 42 42 7 9 0.339 4.99
3146.018 NiI 28 28 9 7 2.43e-05 5.13
3148.961 TiII 22 21 4 4 0.0158 6.63
3156.57 "Y I" 39 39 4 6 0.000605 2.5
3158.441 RbI 37 37 2 4 0.000101 1.9
3159.07 MoI 42 42 7 7 0.0693 4.3
3159.17 RbI 37 37 2 2 2.99e-05 1.38
3171.251 MoI 42 42 7 7 0.207 4.78
3173.76 "Y I" 39 39 4 4 0.00149 2.89
3184.933 "V I" 23 23 4 6 0.547 7.26
3187.372 TiI 22 22 5 7 0.17 7.66
3192.582 FeI 26 26 9 7 0.000282 7.46
3194.149 FeI 26 26 9 9 0.000678 7.85
3194.892 MoI 42 42 7 5 0.167 4.69
3209.765 MoI 42 42 7 5 0.0306 3.95
3227.911 NiI 28 28 9 9 0.000351 6.3
3228.908 RbI 37 37 2 4 0.0002 2.21
3230.085 RbI 37 37 2 2 5.94e-05 1.68
3230.131 TiII 22 21 4 6 0.0586 7.21
3233.564 LiI 3 3 2 6 0.00481 4.5
3233.864 NiI 28 28 "9 1" 1 0.014 7.91
3242.929 TiII 22 21 4 4 0.183 7.7
3248.474 CuI 29 29 2 4 0.431 7.42
3256.623 ScI 21 21 4 4 0.0505 5.31
3261.991 CdI 48 48 1 3 0.00194 2.56
3270.842 ScI 21 21 4 2 0.251 6.0
3274.898 CuI 29 29 2 2 0.214 7.12
3281.627 AgI 47 47 2 4 0.452 4.41
3283.836 AgI 47 47 2 2 0.21 4.08
3290.31 YbII 70 69 2 4 0.584 4.23
3303.319 NaI 11 11 2 4 0.00901 7.78
3303.929 NaI 11 11 2 2 0.0045 7.48
3342.834 TiI 22 22 5 7 0.152 7.64
3349.655 RbI 37 37 2 4 0.000461 2.59
3351.772 RbI 37 37 2 2 0.00015 2.1
3353.012 ScII 21 20 3 5 0.0045 4.27
3362.231 ScII 21 20 3 3 0.0576 5.38
3362.897 ScII 21 20 3 1 0.0661 5.44
3370.531 NiI 28 28 9 7 0.0243 8.16
3384.74 TiII 22 21 4 6 0.34 7.99
3392.013 NiI 28 28 9 9 0.0114 7.84
3397.82 RhI 45 "45 1" "0 1" 0 0.112 3.67
3410.55 NiI 28 28 9 7 0.000496 6.48
3438.26 NiI 28 28 9 9 0.00787 7.68
3441.5921 FeI 26 26 9 7 0.0236 9.42
3447.359 "K I" 19 19 2 4 0.000599 5.44
3448.363 "K I" 19 19 2 2 0.000299 5.14
3485.05 "Y I" 39 39 4 6 0.00328 3.28
3497.08 "Y II" 39 38 1 3 0.192 5.05
3502.109 BaI 56 56 1 3 0.105 4.78
3503.526 RhI 45 "45 1" "0 1" 0 0.0791 3.53
3527.852 CoI 27 "27 1" "0 1" 0 0.024 6.84
3553.71 "Y I" 39 39 4 4 0.0435 4.41
3568.715 ScII 21 20 3 5 0.111 5.69
3579.705 CrI 24 24 7 9 0.366 8.8
3581.947 ScII 21 20 3 3 0.237 6.02
3588.069 RbI 37 37 2 4 0.00153 3.14
3592.593 RbI 37 37 2 2 0.000561 2.7
3594.507 CrI 24 24 7 7 0.29 8.7
3606.35 CrI 24 24 7 5 0.225 8.59
3612.461 CsI 55 55 2 4 0.000587 1.45
3618.3 CsI 55 55 2 2 4.91e-05 0.37
3636.498 TiI 22 22 5 7 0.223 7.84
3643.822 ScII 21 20 3 5 0.375 6.23
3650.3427 FeI 26 26 9 7 7e-05 6.92
3680.9611 FeI 26 26 9 9 0.0028 8.52
3693.408 RhI 45 "45 1" 0 8 0.149 3.83
3695.24 YbII 70 69 2 2 0.287 3.98
3718.449 TiI 22 22 5 7 0.0123 6.59
3720.9928 FeI 26 26 "9 1" 1 0.0412 9.7
3730.867 TiI 22 22 5 5 0.0891 7.45
3776.797 TlI 81 81 2 2 0.134 3.52
3794.685 "V I" 23 23 4 6 0.00256 5.01
3799.337 MoI 42 42 7 9 0.192 4.82
3809.599 "V I" 23 23 4 4 0.0322 6.11
3819.326 "V I" 23 23 4 2 0.0736 6.47
3825.5289 FeI 26 26 9 7 0.00483 8.78
3845.528 "V I" 23 23 4 6 0.0199 5.9
3856.455 "V I" 23 23 4 4 0.0736 6.47
3861.0058 FeI 26 26 9 9 0.0217 9.43
3864.422 NdII 60 59 "8 1" 0 0.042 3.68
3865.211 MoI 42 42 7 7 0.14 4.69
3877.204 CsI 55 55 2 4 0.00171 1.94
3888.448 TmI 69 69 8 8 0.0861 2.65
3889.667 CsI 55 55 2 2 0.00022 1.05
3890.43 BaI 56 56 1 3 0.00599 3.58
3904.074 MoI 42 42 7 5 0.101 4.56
3908.595 ScI 21 21 4 6 0.57 6.44
3934.777 CaII 20 19 2 4 0.65 9.75
3945.1224 AlI 13 13 2 2 0.123 9.17
3963.972 TiI 22 22 5 7 0.0136 6.66
3969.591 CaII 20 19 2 2 0.322 9.45
3982.888 TiI 22 22 5 5 0.0893 7.48
3989.11 YbI 70 70 1 3 1.26 4.65
3997.728 ScI 21 21 4 6 0.0593 5.46
4021.528 ScI 21 21 4 4 0.395 6.29
4031.892 MnI 25 25 6 8 0.0565 7.89
4034.127 GaI 31 31 2 2 0.123 5.83
4034.202 MnI 25 25 6 6 0.0402 7.74
4035.623 MnI 25 25 6 4 0.0258 7.55
4045.285 "K I" 19 19 2 4 0.00609 6.52
4048.356 "K I" 19 19 2 2 0.00304 6.22
4078.53 "Y I" 39 39 4 6 0.411 5.44
4078.865 SrII 38 37 2 4 0.708 6.39
4084.86 "Y I" 39 39 4 4 0.0625 4.63
4102.922 InI 49 49 2 2 0.141 3.58
4133.588 BaI 56 56 1 3 0.00546 3.56
4144.03 "Y I" 39 39 4 4 0.412 5.45
4203.035 RbI 37 37 2 4 0.00953 4.0
4205.87 "Y II" 39 38 1 3 0.0175 4.09
4216.711 SrII 38 37 2 2 0.338 6.08
4216.744 RbI 37 37 2 2 0.004 3.63
4217.3714 FeI 26 26 9 9 4.9e-05 6.83
4227.918 CaI 20 20 1 3 1.94 10.25
4255.529 CrI 24 24 7 9 0.11 8.35
4275.999 CrI 24 24 7 7 0.0839 8.23
4290.923 CrI 24 24 7 5 0.0622 8.11
4304.784 NdII 60 59 "8 1" 0 0.163 4.32
4361.155 TmI 69 69 8 6 0.0278 2.21
4377.1597 FeI 26 26 "9 1" 1 0.000104 7.17
4387.666 TmI 69 69 8 8 0.0121 1.86
4555.31 BaII 56 55 2 4 0.728 5.73
4556.698 CsI 55 55 2 4 0.0117 2.85
4572.3767 MgI 12 12 1 3 2.05e-06 5.55
4594.482 CsI 55 55 2 2 0.00253 2.19
4595.32 EuI 63 63 "8 1" 0 0.554 3.95
4608.622 SrI 38 38 1 3 1.92 6.88
4628.52 EuI 63 63 8 8 0.417 3.83
4644.99 "Y I" 39 39 4 6 0.0873 4.83
4663.19 EuI 63 63 8 6 0.318 3.71
4935.463 BaII 56 55 2 2 0.349 5.45
5111.8373 FeI 26 26 9 9 1.93e-05 6.5
5537.021 BaI 56 56 1 3 1.64 6.17
5558.02 YbI 70 70 1 3 0.0158 2.89
5891.5833 NaI 11 11 2 4 0.67 9.91
5897.5581 NaI 11 11 2 2 0.335 9.61
6193.44 "Y I" 39 39 4 4 0.027 4.44
6224.31 "Y I" 39 39 4 6 0.00514 3.73
6574.595 CaI 20 20 1 3 5.06e-05 5.86
6709.613 LiI 3 3 2 4 0.499 6.83
6709.764 LiI 3 3 2 2 0.249 6.53
7667.021 "K I" 19 19 2 4 0.682 8.85
7701.093 "K I" 19 19 2 2 0.339 8.55
7802.374 RbI 37 37 2 4 0.675 6.12
7913.514 BaI 56 56 1 3 0.00839 4.03
7949.79 RbI 37 37 2 2 0.322 5.81
